0.000000000000000000e+00 2.320000000000000284e+01 1.160000000000000142e+02 1.392000000000000171e+02 9.280000000000001137e+01 2.692480894962545612e-02
2.000000000000000000e+00 1.990000000000000213e+01 5.970000000000000284e+01 1.194000000000000057e+02 7.960000000000000853e+01 9.060550581483117760e-02
3.000000000000000000e+00 1.990000000000000213e+01 9.950000000000001421e+01 1.194000000000000057e+02 7.960000000000000853e+01 4.403161781508702077e-02
4.000000000000000000e+00 1.660000000000000142e+01 2.656000000000000227e+02 9.960000000000000853e+01 6.640000000000000568e+01 7.974889442792723049e-01
4.000000000000000000e+00 4.980000000000000426e+01 6.640000000000000568e+01 9.960000000000000853e+01 6.640000000000000568e+01 2.647759276980672372e-01
5.000000000000000000e+00 5.970000000000000284e+01 7.960000000000000853e+01 1.194000000000000057e+02 7.960000000000000853e+01 2.244774289635260711e-01
1.000000000000000000e+01 1.194000000000000057e+02 3.184000000000000341e+02 1.194000000000000057e+02 7.960000000000000853e+01 7.086127976262646122e-02
1.000000000000000000e+01 2.320000000000000284e+01 4.640000000000000568e+01 1.392000000000000171e+02 9.280000000000001137e+01 3.353576103320239366e-01
1.200000000000000000e+01 1.990000000000000213e+01 9.950000000000001421e+01 1.194000000000000057e+02 7.960000000000000853e+01 4.605578833836256880e-01
1.300000000000000000e+01 3.320000000000000284e+01 2.490000000000000284e+02 9.960000000000000853e+01 6.640000000000000568e+01 3.354862649984393652e-01
1.300000000000000000e+01 3.980000000000000426e+01 9.950000000000001421e+01 1.194000000000000057e+02 7.960000000000000853e+01 4.965616491828088730e-01
1.400000000000000000e+01 3.320000000000000284e+01 8.300000000000000000e+01 9.960000000000000853e+01 6.640000000000000568e+01 2.238537478218869392e-01
1.400000000000000000e+01 7.960000000000000853e+01 2.786000000000000227e+02 1.194000000000000057e+02 7.960000000000000853e+01 8.037353680994807625e-02
1.500000000000000000e+01 6.960000000000000853e+01 2.552000000000000455e+02 1.392000000000000171e+02 9.280000000000001137e+01 6.265051809662038895e-01
1.600000000000000000e+01 4.640000000000000568e+01 1.856000000000000227e+02 1.392000000000000171e+02 9.280000000000001137e+01 6.026807511620735358e-01
1.700000000000000000e+01 4.640000000000000568e+01 1.624000000000000341e+02 1.392000000000000171e+02 9.280000000000001137e+01 1.306823103704828348e-01
2.500000000000000000e+01 4.640000000000000568e+01 9.280000000000001137e+01 1.392000000000000171e+02 9.280000000000001137e+01 1.366076688455941657e-02
2.600000000000000000e+01 3.980000000000000426e+01 1.791000000000000227e+02 1.194000000000000057e+02 7.960000000000000853e+01 8.350499416049499413e-01
2.700000000000000000e+01 2.320000000000000284e+01 9.280000000000001137e+01 1.392000000000000171e+02 9.280000000000001137e+01 4.771952149130378462e-01
2.900000000000000000e+01 4.640000000000000568e+01 1.160000000000000142e+02 1.392000000000000171e+02 9.280000000000001137e+01 3.952226431378351723e-01
3.000000000000000000e+01 1.660000000000000000e+02 1.494000000000000057e+02 9.960000000000000853e+01 6.640000000000000568e+01 2.446766028660289916e-01
3.000000000000000000e+01 0.000000000000000000e+00 9.280000000000001137e+01 1.392000000000000171e+02 9.280000000000001137e+01 1.953247704495653103e-02
3.200000000000000000e+01 1.990000000000000213e+01 1.592000000000000171e+02 1.194000000000000057e+02 7.960000000000000853e+01 3.870999668241685843e-01
3.300000000000000000e+01 2.320000000000000284e+01 9.280000000000001137e+01 1.392000000000000171e+02 9.280000000000001137e+01 2.153536089135086318e-01
3.500000000000000000e+01 4.640000000000000568e+01 4.640000000000000568e+01 1.392000000000000171e+02 9.280000000000001137e+01 1.194225161317299388e-01
3.600000000000000000e+01 1.990000000000000213e+01 1.592000000000000171e+02 1.194000000000000057e+02 7.960000000000000853e+01 9.373299786878075412e-01
3.800000000000000000e+01 4.640000000000000568e+01 2.784000000000000341e+02 1.392000000000000171e+02 9.280000000000001137e+01 1.229568288634745210e+00
3.900000000000000000e+01 1.392000000000000171e+02 2.320000000000000284e+02 1.392000000000000171e+02 9.280000000000001137e+01 6.874814479632875841e-01
4.100000000000000000e+01 2.587000000000000455e+02 1.990000000000000284e+02 1.194000000000000057e+02 7.960000000000000853e+01 7.033978056722223204e-01
4.200000000000000000e+01 8.000000000000000000e+01 1.700000000000000000e+02 6.000000000000000000e+01 4.000000000000000000e+01 1.330593101078566987e+00
4.200000000000000000e+01 2.660000000000000142e+01 2.394000000000000057e+02 7.980000000000001137e+01 5.320000000000000284e+01 1.482040828348981654e+00
4.200000000000000000e+01 0.000000000000000000e+00 1.660000000000000142e+01 9.960000000000000853e+01 6.640000000000000568e+01 9.075536284490517414e-01
4.400000000000000000e+01 4.640000000000000568e+01 1.624000000000000341e+02 1.392000000000000171e+02 9.280000000000001137e+01 2.217131653571173810e-01
4.500000000000000000e+01 1.826000000000000227e+02 2.158000000000000114e+02 9.960000000000000853e+01 6.640000000000000568e+01 3.383356806000148431e-02
4.500000000000000000e+01 5.970000000000000284e+01 1.990000000000000213e+01 1.194000000000000057e+02 7.960000000000000853e+01 6.851072042608552515e-02
4.800000000000000000e+01 3.990000000000000568e+01 9.310000000000000853e+01 7.980000000000001137e+01 5.320000000000000284e+01 7.894502167079320287e-02
4.800000000000000000e+01 1.990000000000000213e+01 7.960000000000000853e+01 1.194000000000000057e+02 7.960000000000000853e+01 8.954665865724154017e-02
4.800000000000000000e+01 1.990000000000000213e+01 2.388000000000000114e+02 1.194000000000000057e+02 7.960000000000000853e+01 5.519661982524530774e-01
4.900000000000000000e+01 2.320000000000000284e+01 1.392000000000000171e+02 1.392000000000000171e+02 9.280000000000001137e+01 2.893170791714265722e-01
5.600000000000000000e+01 9.960000000000000853e+01 6.640000000000000568e+01 9.960000000000000853e+01 6.640000000000000568e+01 7.087379482504174710e-02
5.600000000000000000e+01 1.162000000000000171e+02 2.490000000000000284e+02 9.960000000000000853e+01 6.640000000000000568e+01 1.550204132287145153e-01
5.700000000000000000e+01 1.660000000000000142e+01 1.494000000000000057e+02 9.960000000000000853e+01 6.640000000000000568e+01 1.046087873232273147e-01
5.900000000000000000e+01 2.320000000000000284e+01 9.280000000000001137e+01 1.392000000000000171e+02 9.280000000000001137e+01 9.871370733018942634e-01
6.400000000000000000e+01 3.320000000000000284e+01 2.158000000000000114e+02 9.960000000000000853e+01 6.640000000000000568e+01 1.157608372264683494e+00
6.700000000000000000e+01 1.330000000000000071e+01 1.064000000000000057e+02 7.980000000000001137e+01 5.320000000000000284e+01 2.161606521078820453e-01
6.700000000000000000e+01 3.320000000000000284e+01 2.822000000000000455e+02 9.960000000000000853e+01 6.640000000000000568e+01 9.409237888542942851e-01
7.000000000000000000e+01 2.320000000000000284e+01 1.160000000000000142e+02 1.392000000000000171e+02 9.280000000000001137e+01 1.099643368340917471e+00
7.300000000000000000e+01 1.660000000000000142e+01 4.980000000000000426e+01 9.960000000000000853e+01 6.640000000000000568e+01 1.645703552311548190e-01
7.300000000000000000e+01 1.660000000000000142e+01 1.992000000000000171e+02 9.960000000000000853e+01 6.640000000000000568e+01 4.254253931694031987e-01
7.300000000000000000e+01 8.300000000000000000e+01 3.486000000000000227e+02 9.960000000000000853e+01 6.640000000000000568e+01 1.202631601502379688e-01
7.400000000000000000e+01 5.320000000000000284e+01 1.197000000000000028e+02 7.980000000000001137e+01 5.320000000000000284e+01 7.382740948498260902e-01
7.400000000000000000e+01 1.660000000000000000e+02 3.320000000000000284e+01 9.960000000000000853e+01 6.640000000000000568e+01 5.334796895267557293e-01
7.400000000000000000e+01 7.960000000000000853e+01 1.990000000000000284e+02 1.194000000000000057e+02 7.960000000000000853e+01 1.012702848337746930e+00
7.600000000000000000e+01 3.980000000000000426e+01 2.388000000000000114e+02 1.194000000000000057e+02 7.960000000000000853e+01 1.305428210754915330e-01
8.200000000000000000e+01 0.000000000000000000e+00 1.328000000000000114e+02 9.960000000000000853e+01 6.640000000000000568e+01 8.105893758454072451e-01
8.300000000000000000e+01 1.990000000000000213e+01 1.194000000000000057e+02 1.194000000000000057e+02 7.960000000000000853e+01 8.125897408336870686e-01
8.500000000000000000e+01 3.320000000000000284e+01 1.328000000000000114e+02 9.960000000000000853e+01 6.640000000000000568e+01 1.992486323754794064e-02
8.600000000000000000e+01 4.640000000000000568e+01 1.160000000000000142e+02 1.392000000000000171e+02 9.280000000000001137e+01 4.906016898983567298e-01
8.700000000000000000e+01 2.660000000000000142e+01 2.527000000000000171e+02 7.980000000000001137e+01 5.320000000000000284e+01 6.561228437634001320e-01
8.700000000000000000e+01 4.980000000000000426e+01 1.494000000000000057e+02 9.960000000000000853e+01 6.640000000000000568e+01 7.000873791474337970e-02
8.800000000000000000e+01 5.320000000000000284e+01 1.729000000000000057e+02 7.980000000000001137e+01 5.320000000000000284e+01 3.182728401272341134e-01
8.800000000000000000e+01 0.000000000000000000e+00 2.490000000000000284e+02 9.960000000000000853e+01 6.640000000000000568e+01 1.416155748003944392e-01
9.100000000000000000e+01 2.320000000000000284e+01 1.160000000000000142e+02 1.392000000000000171e+02 9.280000000000001137e+01 4.978080979485268731e-01
9.400000000000000000e+01 0.000000000000000000e+00 6.960000000000000853e+01 1.392000000000000171e+02 9.280000000000001137e+01 6.088401888658914185e-01
9.600000000000000000e+01 0.000000000000000000e+00 1.393000000000000114e+02 1.194000000000000057e+02 7.960000000000000853e+01 4.363171497428741663e-01
9.700000000000000000e+01 1.660000000000000142e+01 6.640000000000000568e+01 9.960000000000000853e+01 6.640000000000000568e+01 3.531053340303680343e-03
9.700000000000000000e+01 1.660000000000000142e+01 3.320000000000000000e+02 9.960000000000000853e+01 6.640000000000000568e+01 1.415794357045419005e-02
9.700000000000000000e+01 3.320000000000000284e+01 1.992000000000000171e+02 9.960000000000000853e+01 6.640000000000000568e+01 4.387252701284076739e-01
9.800000000000000000e+01 4.640000000000000568e+01 1.624000000000000341e+02 1.392000000000000171e+02 9.280000000000001137e+01 9.119720276505760559e-02
1.000000000000000000e+02 2.786000000000000227e+02 9.950000000000001421e+01 1.194000000000000057e+02 7.960000000000000853e+01 4.050615496039122743e-01
1.040000000000000000e+02 1.160000000000000142e+02 6.960000000000000853e+01 1.392000000000000171e+02 9.280000000000001137e+01 3.305899330798303115e-01
1.060000000000000000e+02 6.650000000000000000e+01 1.729000000000000057e+02 7.980000000000001137e+01 5.320000000000000284e+01 3.020879957306867869e-01
1.060000000000000000e+02 8.300000000000000000e+01 4.980000000000000426e+01 9.960000000000000853e+01 6.640000000000000568e+01 1.465475242065346295e+00
1.090000000000000000e+02 1.660000000000000142e+01 1.162000000000000171e+02 9.960000000000000853e+01 6.640000000000000568e+01 1.019664262057080384e+00
1.090000000000000000e+02 4.980000000000000426e+01 2.822000000000000455e+02 9.960000000000000853e+01 6.640000000000000568e+01 8.978098600218522574e-01
1.110000000000000000e+02 1.990000000000000213e+01 7.960000000000000853e+01 1.194000000000000057e+02 7.960000000000000853e+01 4.661392143615785688e-01
1.120000000000000000e+02 0.000000000000000000e+00 2.985000000000000568e+02 1.194000000000000057e+02 7.960000000000000853e+01 5.055477660535598883e-01
1.140000000000000000e+02 1.330000000000000071e+01 5.320000000000000284e+01 7.980000000000001137e+01 5.320000000000000284e+01 5.644289129594237675e-01
1.160000000000000000e+02 6.960000000000000853e+01 1.160000000000000142e+02 1.392000000000000171e+02 9.280000000000001137e+01 8.808826634375122033e-02
1.170000000000000000e+02 1.990000000000000284e+02 1.393000000000000114e+02 1.194000000000000057e+02 7.960000000000000853e+01 1.075483882429897564e+00
1.190000000000000000e+02 4.640000000000000568e+01 9.280000000000001137e+01 1.392000000000000171e+02 9.280000000000001137e+01 2.852920403243988101e-01
1.200000000000000000e+02 2.320000000000000284e+01 1.160000000000000142e+02 1.392000000000000171e+02 9.280000000000001137e+01 9.604646708607382788e-01
1.210000000000000000e+02 3.990000000000000568e+01 2.926000000000000227e+02 7.980000000000001137e+01 5.320000000000000284e+01 2.130676432545275389e-03
1.210000000000000000e+02 1.990000000000000213e+01 1.194000000000000057e+02 1.194000000000000057e+02 7.960000000000000853e+01 6.356333205937712005e-01
1.230000000000000000e+02 2.320000000000000284e+01 1.392000000000000171e+02 1.392000000000000171e+02 9.280000000000001137e+01 2.908605536966979432e-01
1.270000000000000000e+02 0.000000000000000000e+00 1.392000000000000171e+02 1.392000000000000171e+02 9.280000000000001137e+01 4.565242117670484934e-01
1.300000000000000000e+02 3.100000000000000000e+02 1.000000000000000000e+02 6.000000000000000000e+01 4.000000000000000000e+01 4.561583753045688194e-01
1.310000000000000000e+02 0.000000000000000000e+00 6.960000000000000853e+01 1.392000000000000171e+02 9.280000000000001137e+01 1.994219102862568871e-01
1.320000000000000000e+02 3.320000000000000284e+01 2.324000000000000341e+02 9.960000000000000853e+01 6.640000000000000568e+01 3.964979535006227795e-01
1.330000000000000000e+02 2.320000000000000284e+01 1.160000000000000142e+02 1.392000000000000171e+02 9.280000000000001137e+01 3.388316944035874023e-02
1.340000000000000000e+02 1.494000000000000057e+02 1.494000000000000057e+02 9.960000000000000853e+01 6.640000000000000568e+01 5.660842676859696443e-01
1.340000000000000000e+02 1.990000000000000213e+01 1.393000000000000114e+02 1.194000000000000057e+02 7.960000000000000853e+01 5.477442678638990703e-01
1.350000000000000000e+02 3.980000000000000426e+01 2.189000000000000341e+02 1.194000000000000057e+02 7.960000000000000853e+01 3.600004404614083331e-01
1.350000000000000000e+02 2.320000000000000284e+01 4.640000000000000568e+01 1.392000000000000171e+02 9.280000000000001137e+01 2.796152634354960309e-01
1.370000000000000000e+02 8.300000000000000000e+01 1.494000000000000057e+02 9.960000000000000853e+01 6.640000000000000568e+01 4.470254559588815457e-01
1.380000000000000000e+02 1.990000000000000213e+01 7.960000000000000853e+01 1.194000000000000057e+02 7.960000000000000853e+01 6.266993347776839141e-01
1.380000000000000000e+02 1.393000000000000114e+02 2.587000000000000455e+02 1.194000000000000057e+02 7.960000000000000853e+01 2.739145059722247755e-01
1.390000000000000000e+02 4.640000000000000568e+01 9.280000000000001137e+01 1.392000000000000171e+02 9.280000000000001137e+01 5.096665519995748905e-01
1.400000000000000000e+02 1.660000000000000142e+01 2.490000000000000284e+02 9.960000000000000853e+01 6.640000000000000568e+01 8.023302115992219097e-01
1.400000000000000000e+02 1.660000000000000142e+01 3.486000000000000227e+02 9.960000000000000853e+01 6.640000000000000568e+01 4.485009468466112370e-01
1.400000000000000000e+02 1.992000000000000171e+02 3.320000000000000284e+01 9.960000000000000853e+01 6.640000000000000568e+01 6.647508685004543949e-02
1.400000000000000000e+02 1.992000000000000171e+02 1.328000000000000114e+02 9.960000000000000853e+01 6.640000000000000568e+01 6.521936900835652029e-01
1.400000000000000000e+02 1.992000000000000171e+02 2.490000000000000284e+02 9.960000000000000853e+01 6.640000000000000568e+01 1.617526236514942761e+00
1.400000000000000000e+02 0.000000000000000000e+00 1.990000000000000213e+01 1.194000000000000057e+02 7.960000000000000853e+01 2.261726646397403950e-01
1.400000000000000000e+02 0.000000000000000000e+00 1.393000000000000114e+02 1.194000000000000057e+02 7.960000000000000853e+01 1.477726011325570799e-01
1.410000000000000000e+02 1.791000000000000227e+02 9.950000000000001421e+01 1.194000000000000057e+02 7.960000000000000853e+01 7.113530041597913023e-01
1.430000000000000000e+02 5.320000000000000284e+01 1.995000000000000000e+02 7.980000000000001137e+01 5.320000000000000284e+01 4.155578044313945618e-02
1.500000000000000000e+02 1.856000000000000227e+02 9.280000000000001137e+01 1.392000000000000171e+02 9.280000000000001137e+01 1.138455119320625153e+00
1.530000000000000000e+02 5.970000000000000284e+01 7.960000000000000853e+01 1.194000000000000057e+02 7.960000000000000853e+01 4.791691392301233865e-01
1.530000000000000000e+02 2.320000000000000284e+01 2.784000000000000341e+02 1.392000000000000171e+02 9.280000000000001137e+01 7.007820971767604323e-01
1.540000000000000000e+02 2.394000000000000057e+02 5.320000000000000284e+01 7.980000000000001137e+01 5.320000000000000284e+01 9.020496645331199659e-02
1.540000000000000000e+02 3.980000000000000426e+01 1.990000000000000284e+02 1.194000000000000057e+02 7.960000000000000853e+01 2.436279814711326264e-01
1.550000000000000000e+02 3.980000000000000426e+01 1.791000000000000227e+02 1.194000000000000057e+02 7.960000000000000853e+01 3.537937195893288145e-01
1.560000000000000000e+02 3.980000000000000426e+01 9.950000000000001421e+01 1.194000000000000057e+02 7.960000000000000853e+01 1.937949309327862135e-01
1.570000000000000000e+02 7.960000000000000853e+01 1.791000000000000227e+02 1.194000000000000057e+02 7.960000000000000853e+01 1.078224514531220812e-01
1.590000000000000000e+02 3.320000000000000284e+01 4.980000000000000426e+01 9.960000000000000853e+01 6.640000000000000568e+01 1.174681475314245604e+00
1.590000000000000000e+02 3.320000000000000284e+01 3.486000000000000227e+02 9.960000000000000853e+01 6.640000000000000568e+01 1.388071349465665127e+00
1.590000000000000000e+02 4.980000000000000426e+01 1.992000000000000171e+02 9.960000000000000853e+01 6.640000000000000568e+01 1.119411105510791371e+00
1.600000000000000000e+02 2.320000000000000284e+01 6.960000000000000853e+01 1.392000000000000171e+02 9.280000000000001137e+01 8.192094059617971435e-01
1.610000000000000000e+02 2.320000000000000284e+01 1.392000000000000171e+02 1.392000000000000171e+02 9.280000000000001137e+01 7.908047915046767518e-01
1.670000000000000000e+02 6.640000000000000568e+01 1.162000000000000171e+02 9.960000000000000853e+01 6.640000000000000568e+01 1.194357463244108963e-01
1.680000000000000000e+02 8.300000000000000000e+01 3.486000000000000227e+02 9.960000000000000853e+01 6.640000000000000568e+01 4.025939830781515294e-01
1.680000000000000000e+02 1.990000000000000213e+01 1.791000000000000227e+02 1.194000000000000057e+02 7.960000000000000853e+01 5.664798008170539578e-01
1.680000000000000000e+02 5.970000000000000284e+01 5.970000000000000284e+01 1.194000000000000057e+02 7.960000000000000853e+01 1.500200189861223388e+00
1.700000000000000000e+02 7.980000000000001137e+01 6.650000000000000000e+01 7.980000000000001137e+01 5.320000000000000284e+01 1.312260520337195535e+00
1.700000000000000000e+02 0.000000000000000000e+00 2.656000000000000227e+02 9.960000000000000853e+01 6.640000000000000568e+01 8.817983158895958962e-01
1.720000000000000000e+02 7.980000000000001137e+01 2.793000000000000114e+02 7.980000000000001137e+01 5.320000000000000284e+01 2.264472238248902425e-01
1.810000000000000000e+02 6.640000000000000568e+01 1.826000000000000227e+02 9.960000000000000853e+01 6.640000000000000568e+01 6.198865544077836187e-01
1.820000000000000000e+02 3.980000000000000426e+01 2.189000000000000341e+02 1.194000000000000057e+02 7.960000000000000853e+01 4.539249030558438758e-01
1.840000000000000000e+02 1.660000000000000142e+01 2.822000000000000455e+02 9.960000000000000853e+01 6.640000000000000568e+01 1.347976745717536229e-01
1.930000000000000000e+02 1.660000000000000142e+01 1.162000000000000171e+02 9.960000000000000853e+01 6.640000000000000568e+01 4.198710419429796392e-01
1.940000000000000000e+02 1.660000000000000142e+01 4.980000000000000426e+01 9.960000000000000853e+01 6.640000000000000568e+01 6.771527961122412176e-01
1.940000000000000000e+02 6.640000000000000568e+01 1.826000000000000227e+02 9.960000000000000853e+01 6.640000000000000568e+01 6.796536486403057520e-01
1.940000000000000000e+02 1.328000000000000114e+02 3.320000000000000000e+02 9.960000000000000853e+01 6.640000000000000568e+01 7.369294784445947766e-01
1.970000000000000000e+02 7.980000000000001137e+01 1.995000000000000000e+02 7.980000000000001137e+01 5.320000000000000284e+01 3.067613807626614619e-01
1.970000000000000000e+02 3.320000000000000284e+01 1.162000000000000171e+02 9.960000000000000853e+01 6.640000000000000568e+01 7.509256285691552346e-01
1.980000000000000000e+02 1.660000000000000142e+01 1.992000000000000171e+02 9.960000000000000853e+01 6.640000000000000568e+01 1.969623626683336681e-02
1.980000000000000000e+02 3.320000000000000284e+01 6.640000000000000568e+01 9.960000000000000853e+01 6.640000000000000568e+01 2.433941311590914758e-02
2.020000000000000000e+02 2.320000000000000284e+01 1.392000000000000171e+02 1.392000000000000171e+02 9.280000000000001137e+01 8.209030724058774542e-01
2.030000000000000000e+02 1.990000000000000213e+01 7.960000000000000853e+01 1.194000000000000057e+02 7.960000000000000853e+01 2.311222963850212420e-01
2.040000000000000000e+02 9.960000000000000853e+01 1.162000000000000171e+02 9.960000000000000853e+01 6.640000000000000568e+01 9.218985552212262125e-01
2.040000000000000000e+02 1.990000000000000213e+01 2.388000000000000114e+02 1.194000000000000057e+02 7.960000000000000853e+01 1.662351526337795260e-01
2.070000000000000000e+02 2.320000000000000284e+01 1.160000000000000142e+02 1.392000000000000171e+02 9.280000000000001137e+01 1.393210674687710426e-01
2.090000000000000000e+02 0.000000000000000000e+00 1.393000000000000114e+02 1.194000000000000057e+02 7.960000000000000853e+01 1.073212245159692158e+00
2.140000000000000000e+02 6.960000000000000853e+01 1.160000000000000142e+02 1.392000000000000171e+02 9.280000000000001137e+01 6.340905743290148333e-01
2.160000000000000000e+02 3.400000000000000000e+02 7.000000000000000000e+01 6.000000000000000000e+01 4.000000000000000000e+01 8.027862746130165483e-02
2.160000000000000000e+02 0.000000000000000000e+00 3.458000000000000114e+02 7.980000000000001137e+01 5.320000000000000284e+01 2.476652556090608304e-01
2.160000000000000000e+02 1.596000000000000227e+02 2.128000000000000114e+02 7.980000000000001137e+01 5.320000000000000284e+01 5.062380981432081928e-01
2.160000000000000000e+02 3.458000000000000114e+02 1.862000000000000171e+02 7.980000000000001137e+01 5.320000000000000284e+01 4.195511897914985244e-01
2.160000000000000000e+02 0.000000000000000000e+00 9.960000000000000853e+01 9.960000000000000853e+01 6.640000000000000568e+01 2.701216431032957832e-01
2.160000000000000000e+02 1.660000000000000000e+02 8.300000000000000000e+01 9.960000000000000853e+01 6.640000000000000568e+01 7.141625524706185502e-02
2.160000000000000000e+02 1.592000000000000171e+02 2.786000000000000227e+02 1.194000000000000057e+02 7.960000000000000853e+01 6.763826823860497051e-02
2.170000000000000000e+02 3.320000000000000284e+01 2.988000000000000114e+02 9.960000000000000853e+01 6.640000000000000568e+01 1.045528397325431458e+00
2.170000000000000000e+02 0.000000000000000000e+00 1.194000000000000057e+02 1.194000000000000057e+02 7.960000000000000853e+01 5.205833889242963419e-01
2.180000000000000000e+02 2.320000000000000284e+01 1.160000000000000142e+02 1.392000000000000171e+02 9.280000000000001137e+01 1.185306792956036359e+00
2.210000000000000000e+02 1.197000000000000028e+02 3.192000000000000455e+02 7.980000000000001137e+01 5.320000000000000284e+01 1.956980013704012755e-02
2.210000000000000000e+02 7.960000000000000853e+01 1.194000000000000057e+02 1.194000000000000057e+02 7.960000000000000853e+01 1.175372909104854813e-03
2.240000000000000000e+02 2.320000000000000284e+01 3.480000000000000568e+02 1.392000000000000171e+02 9.280000000000001137e+01 2.173399911427675857e-01
2.250000000000000000e+02 2.320000000000000284e+01 9.280000000000001137e+01 1.392000000000000171e+02 9.280000000000001137e+01 2.917763271843110129e-01
2.260000000000000000e+02 1.160000000000000142e+02 9.280000000000001137e+01 1.392000000000000171e+02 9.280000000000001137e+01 1.192957325204918151e+00
2.280000000000000000e+02 2.320000000000000284e+01 6.960000000000000853e+01 1.392000000000000171e+02 9.280000000000001137e+01 1.572126537459304085e-01
2.330000000000000000e+02 2.320000000000000284e+01 9.280000000000001137e+01 1.392000000000000171e+02 9.280000000000001137e+01 2.533033558857920031e-01
2.340000000000000000e+02 4.980000000000000426e+01 8.300000000000000000e+01 9.960000000000000853e+01 6.640000000000000568e+01 5.012351367103600186e-01
2.340000000000000000e+02 8.300000000000000000e+01 2.324000000000000341e+02 9.960000000000000853e+01 6.640000000000000568e+01 8.768287557424809808e-01
2.390000000000000000e+02 2.388000000000000114e+02 1.194000000000000057e+02 1.194000000000000057e+02 7.960000000000000853e+01 3.827207712951177232e-01
2.400000000000000000e+02 5.970000000000000284e+01 7.960000000000000853e+01 1.194000000000000057e+02 7.960000000000000853e+01 1.645661429401796161e+00
2.420000000000000000e+02 4.640000000000000568e+01 9.280000000000001137e+01 1.392000000000000171e+02 9.280000000000001137e+01 7.746320878799368703e-01
2.440000000000000000e+02 1.194000000000000057e+02 9.950000000000001421e+01 1.194000000000000057e+02 7.960000000000000853e+01 2.343888880783004947e-01
2.470000000000000000e+02 3.320000000000000284e+01 9.960000000000000853e+01 9.960000000000000853e+01 6.640000000000000568e+01 9.756681993222526827e-02
2.490000000000000000e+02 2.320000000000000284e+01 1.160000000000000142e+02 1.392000000000000171e+02 9.280000000000001137e+01 5.954217047487968539e-01
2.510000000000000000e+02 1.660000000000000142e+01 1.826000000000000227e+02 9.960000000000000853e+01 6.640000000000000568e+01 7.714718770190487351e-01
2.520000000000000000e+02 6.650000000000000000e+01 2.261000000000000227e+02 7.980000000000001137e+01 5.320000000000000284e+01 7.857418169120888862e-03
2.570000000000000000e+02 3.320000000000000284e+01 9.960000000000000853e+01 9.960000000000000853e+01 6.640000000000000568e+01 9.378472296323268065e-01
2.600000000000000000e+02 1.990000000000000213e+01 3.980000000000000426e+01 1.194000000000000057e+02 7.960000000000000853e+01 3.451521223656561776e-01
2.600000000000000000e+02 3.980000000000000426e+01 3.184000000000000341e+02 1.194000000000000057e+02 7.960000000000000853e+01 5.236000985563828980e-01
2.600000000000000000e+02 2.320000000000000284e+01 1.624000000000000341e+02 1.392000000000000171e+02 9.280000000000001137e+01 8.246233994593465955e-01
2.600000000000000000e+02 2.088000000000000114e+02 2.320000000000000284e+01 1.392000000000000171e+02 9.280000000000001137e+01 1.751274170893217796e-01
2.600000000000000000e+02 2.088000000000000114e+02 1.624000000000000341e+02 1.392000000000000171e+02 9.280000000000001137e+01 1.724488146278297718e+00
2.610000000000000000e+02 1.990000000000000213e+01 1.791000000000000227e+02 1.194000000000000057e+02 7.960000000000000853e+01 1.105807590852107003e+00
2.610000000000000000e+02 0.000000000000000000e+00 2.320000000000000284e+01 1.392000000000000171e+02 9.280000000000001137e+01 6.931872743793559000e-01
2.610000000000000000e+02 2.088000000000000114e+02 2.320000000000000284e+01 1.392000000000000171e+02 9.280000000000001137e+01 4.727269396104329946e-01
2.630000000000000000e+02 2.320000000000000284e+01 2.088000000000000114e+02 1.392000000000000171e+02 9.280000000000001137e+01 2.963120560808341075e-02
2.650000000000000000e+02 6.960000000000000853e+01 1.160000000000000142e+02 1.392000000000000171e+02 9.280000000000001137e+01 2.309239292243983055e-01
2.660000000000000000e+02 7.960000000000000853e+01 0.000000000000000000e+00 1.194000000000000057e+02 7.960000000000000853e+01 3.924980170707172977e-01
2.710000000000000000e+02 4.640000000000000568e+01 1.160000000000000142e+02 1.392000000000000171e+02 9.280000000000001137e+01 1.185435972080827183e+00
2.720000000000000000e+02 4.640000000000000568e+01 6.960000000000000853e+01 1.392000000000000171e+02 9.280000000000001137e+01 1.969942269739854979e-02
2.740000000000000000e+02 1.660000000000000142e+01 3.320000000000000000e+02 9.960000000000000853e+01 6.640000000000000568e+01 1.626288229849588429e-01
2.740000000000000000e+02 6.640000000000000568e+01 1.660000000000000000e+02 9.960000000000000853e+01 6.640000000000000568e+01 1.773843323267862981e-01
2.740000000000000000e+02 3.980000000000000426e+01 1.990000000000000213e+01 1.194000000000000057e+02 7.960000000000000853e+01 4.767762464339175832e-01
2.750000000000000000e+02 1.791000000000000227e+02 1.194000000000000057e+02 1.194000000000000057e+02 7.960000000000000853e+01 1.224080825007653361e+00
2.760000000000000000e+02 2.320000000000000284e+01 2.320000000000000284e+02 1.392000000000000171e+02 9.280000000000001137e+01 8.939714257489150828e-01
2.770000000000000000e+02 2.320000000000000284e+01 1.624000000000000341e+02 1.392000000000000171e+02 9.280000000000001137e+01 9.315798358859701533e-01
2.780000000000000000e+02 2.320000000000000284e+01 6.960000000000000853e+01 1.392000000000000171e+02 9.280000000000001137e+01 1.040622682868290738e-01
2.790000000000000000e+02 2.320000000000000284e+01 1.624000000000000341e+02 1.392000000000000171e+02 9.280000000000001137e+01 1.102300889830225783e+00
2.820000000000000000e+02 0.000000000000000000e+00 3.980000000000000426e+01 1.194000000000000057e+02 7.960000000000000853e+01 5.954878382323556263e-01
2.820000000000000000e+02 3.980000000000000426e+01 1.194000000000000057e+02 1.194000000000000057e+02 7.960000000000000853e+01 1.054709993671052448e-01
2.840000000000000000e+02 2.320000000000000284e+01 1.856000000000000227e+02 1.392000000000000171e+02 9.280000000000001137e+01 6.228325953728754971e-01
2.860000000000000000e+02 1.990000000000000213e+01 1.592000000000000171e+02 1.194000000000000057e+02 7.960000000000000853e+01 3.603604900416630397e-01
2.900000000000000000e+02 6.640000000000000568e+01 1.992000000000000171e+02 9.960000000000000853e+01 6.640000000000000568e+01 3.514667941916325145e-01
2.940000000000000000e+02 1.990000000000000213e+01 9.950000000000001421e+01 1.194000000000000057e+02 7.960000000000000853e+01 4.497800103773978986e-01
2.960000000000000000e+02 0.000000000000000000e+00 1.791000000000000227e+02 1.194000000000000057e+02 7.960000000000000853e+01 1.225713565948076678e-01
2.970000000000000000e+02 5.320000000000000284e+01 2.128000000000000114e+02 7.980000000000001137e+01 5.320000000000000284e+01 7.267490902659834440e-02
2.970000000000000000e+02 7.980000000000001137e+01 9.310000000000000853e+01 7.980000000000001137e+01 5.320000000000000284e+01 1.433809862553325765e-02
2.980000000000000000e+02 1.064000000000000057e+02 9.310000000000000853e+01 7.980000000000001137e+01 5.320000000000000284e+01 1.267790728391844368e-01
2.980000000000000000e+02 1.197000000000000028e+02 2.660000000000000000e+02 7.980000000000001137e+01 5.320000000000000284e+01 3.630846702791219460e-01
3.010000000000000000e+02 9.960000000000000853e+01 6.640000000000000568e+01 9.960000000000000853e+01 6.640000000000000568e+01 2.966174860603210117e-01
3.010000000000000000e+02 1.990000000000000213e+01 1.990000000000000284e+02 1.194000000000000057e+02 7.960000000000000853e+01 5.860534900197766905e-01
3.020000000000000000e+02 6.640000000000000568e+01 1.162000000000000171e+02 9.960000000000000853e+01 6.640000000000000568e+01 1.018932361436744705e+00
3.030000000000000000e+02 4.640000000000000568e+01 1.392000000000000171e+02 1.392000000000000171e+02 9.280000000000001137e+01 1.289999340122809368e-01
3.050000000000000000e+02 2.320000000000000284e+01 1.160000000000000142e+02 1.392000000000000171e+02 9.280000000000001137e+01 2.447768653692290464e+00
3.060000000000000000e+02 3.990000000000000568e+01 3.458000000000000114e+02 7.980000000000001137e+01 5.320000000000000284e+01 3.740938231234138822e-01
3.060000000000000000e+02 5.320000000000000284e+01 1.995000000000000000e+02 7.980000000000001137e+01 5.320000000000000284e+01 5.330857780258437817e-01
3.060000000000000000e+02 1.660000000000000142e+01 4.980000000000000426e+01 9.960000000000000853e+01 6.640000000000000568e+01 2.074547148725861767e+00
3.100000000000000000e+02 3.000000000000000000e+01 2.900000000000000000e+02 6.000000000000000000e+01 4.000000000000000000e+01 3.232585337228210953e-02
3.100000000000000000e+02 1.800000000000000000e+02 2.900000000000000000e+02 6.000000000000000000e+01 4.000000000000000000e+01 4.135476097166639331e-01
3.100000000000000000e+02 3.100000000000000000e+02 2.900000000000000000e+02 6.000000000000000000e+01 4.000000000000000000e+01 1.276709242734537231e-01
3.100000000000000000e+02 2.320000000000000284e+02 2.320000000000000284e+01 1.392000000000000171e+02 9.280000000000001137e+01 1.883026456025479911e+00
3.110000000000000000e+02 1.194000000000000057e+02 1.194000000000000057e+02 1.194000000000000057e+02 7.960000000000000853e+01 9.364550902425980983e-01
3.120000000000000000e+02 6.640000000000000568e+01 2.490000000000000284e+02 9.960000000000000853e+01 6.640000000000000568e+01 6.073453741746119849e-01
3.120000000000000000e+02 3.980000000000000426e+01 1.194000000000000057e+02 1.194000000000000057e+02 7.960000000000000853e+01 2.200471138442707808e-01
3.130000000000000000e+02 1.990000000000000213e+01 9.950000000000001421e+01 1.194000000000000057e+02 7.960000000000000853e+01 1.568970832019627393e+00
3.170000000000000000e+02 4.980000000000000426e+01 1.826000000000000227e+02 9.960000000000000853e+01 6.640000000000000568e+01 7.961446378657164313e-01
3.180000000000000000e+02 1.990000000000000213e+01 1.393000000000000114e+02 1.194000000000000057e+02 7.960000000000000853e+01 8.118354898849273749e-01
3.190000000000000000e+02 5.970000000000000284e+01 3.980000000000000426e+01 1.194000000000000057e+02 7.960000000000000853e+01 1.290823237540439594e+00
3.190000000000000000e+02 4.640000000000000568e+01 3.248000000000000682e+02 1.392000000000000171e+02 9.280000000000001137e+01 6.901108837654956751e-02
3.220000000000000000e+02 0.000000000000000000e+00 1.393000000000000114e+02 1.194000000000000057e+02 7.960000000000000853e+01 2.348315934090721147e-01
3.230000000000000000e+02 1.990000000000000213e+01 1.393000000000000114e+02 1.194000000000000057e+02 7.960000000000000853e+01 3.870455700622581485e-01
3.250000000000000000e+02 3.320000000000000284e+01 1.328000000000000114e+02 9.960000000000000853e+01 6.640000000000000568e+01 3.076386079513768745e-01
3.260000000000000000e+02 4.640000000000000568e+01 2.320000000000000284e+02 1.392000000000000171e+02 9.280000000000001137e+01 4.628798083622707171e-01
3.330000000000000000e+02 2.088000000000000114e+02 6.960000000000000853e+01 1.392000000000000171e+02 9.280000000000001137e+01 3.051348996780125500e-01
3.360000000000000000e+02 3.980000000000000426e+01 7.960000000000000853e+01 1.194000000000000057e+02 7.960000000000000853e+01 4.707916805425571560e-02
3.390000000000000000e+02 1.160000000000000142e+02 1.160000000000000142e+02 1.392000000000000171e+02 9.280000000000001137e+01 1.966234978304595149e-01
3.410000000000000000e+02 2.320000000000000284e+01 9.280000000000001137e+01 1.392000000000000171e+02 9.280000000000001137e+01 3.798280420356927589e-01
3.460000000000000000e+02 2.320000000000000284e+01 1.856000000000000227e+02 1.392000000000000171e+02 9.280000000000001137e+01 1.041456758639860647e+00
3.470000000000000000e+02 4.640000000000000568e+01 1.392000000000000171e+02 1.392000000000000171e+02 9.280000000000001137e+01 2.995336729572750656e-03
3.480000000000000000e+02 4.980000000000000426e+01 2.158000000000000114e+02 9.960000000000000853e+01 6.640000000000000568e+01 4.785325605225354550e-02
3.490000000000000000e+02 1.990000000000000213e+01 1.393000000000000114e+02 1.194000000000000057e+02 7.960000000000000853e+01 2.584807023428159489e-02
3.500000000000000000e+02 7.980000000000001137e+01 2.261000000000000227e+02 7.980000000000001137e+01 5.320000000000000284e+01 5.708576018125954832e-02
3.500000000000000000e+02 7.980000000000001137e+01 3.724000000000000341e+02 7.980000000000001137e+01 5.320000000000000284e+01 5.027810317064236312e-01
3.500000000000000000e+02 0.000000000000000000e+00 6.640000000000000568e+01 9.960000000000000853e+01 6.640000000000000568e+01 6.171012774102482279e-01
3.510000000000000000e+02 7.980000000000001137e+01 2.926000000000000227e+02 7.980000000000001137e+01 5.320000000000000284e+01 3.639847142835941352e-01
3.520000000000000000e+02 3.980000000000000426e+01 1.791000000000000227e+02 1.194000000000000057e+02 7.960000000000000853e+01 1.113025100980215898e+00
3.540000000000000000e+02 5.970000000000000284e+01 1.393000000000000114e+02 1.194000000000000057e+02 7.960000000000000853e+01 1.079613325887953890e+00
3.560000000000000000e+02 2.587000000000000455e+02 1.194000000000000057e+02 1.194000000000000057e+02 7.960000000000000853e+01 9.195621320954880940e-01
3.580000000000000000e+02 5.970000000000000284e+01 2.189000000000000341e+02 1.194000000000000057e+02 7.960000000000000853e+01 1.268118715725276457e+00
3.610000000000000000e+02 1.660000000000000000e+02 1.162000000000000171e+02 9.960000000000000853e+01 6.640000000000000568e+01 8.642455903178796195e-01
3.620000000000000000e+02 3.320000000000000284e+01 3.486000000000000227e+02 9.960000000000000853e+01 6.640000000000000568e+01 3.143063283010529840e-01
3.620000000000000000e+02 4.980000000000000426e+01 1.992000000000000171e+02 9.960000000000000853e+01 6.640000000000000568e+01 2.106052082419986871e-01
3.620000000000000000e+02 1.990000000000000213e+01 5.970000000000000284e+01 1.194000000000000057e+02 7.960000000000000853e+01 3.820474226939281071e-01
3.630000000000000000e+02 6.960000000000000853e+01 9.280000000000001137e+01 1.392000000000000171e+02 9.280000000000001137e+01 5.171369700088621624e-01
3.640000000000000000e+02 3.980000000000000426e+01 2.786000000000000227e+02 1.194000000000000057e+02 7.960000000000000853e+01 4.438473086163592374e-01
3.640000000000000000e+02 1.160000000000000142e+02 4.640000000000000568e+01 1.392000000000000171e+02 9.280000000000001137e+01 1.404398111978391706e+00
3.660000000000000000e+02 3.980000000000000426e+01 9.950000000000001421e+01 1.194000000000000057e+02 7.960000000000000853e+01 2.797520659658860875e-01
3.670000000000000000e+02 5.970000000000000284e+01 1.592000000000000171e+02 1.194000000000000057e+02 7.960000000000000853e+01 2.733867815834845061e-02
3.700000000000000000e+02 0.000000000000000000e+00 1.162000000000000171e+02 9.960000000000000853e+01 6.640000000000000568e+01 1.720543726018946007e-01
3.710000000000000000e+02 1.064000000000000057e+02 1.197000000000000028e+02 7.980000000000001137e+01 5.320000000000000284e+01 6.815854850512093055e-01
3.750000000000000000e+02 3.980000000000000426e+01 1.393000000000000114e+02 1.194000000000000057e+02 7.960000000000000853e+01 3.993134374636242434e-02
3.750000000000000000e+02 3.980000000000000426e+01 2.786000000000000227e+02 1.194000000000000057e+02 7.960000000000000853e+01 7.090592793790488901e-01
3.760000000000000000e+02 4.640000000000000568e+01 1.160000000000000142e+02 1.392000000000000171e+02 9.280000000000001137e+01 4.434811069439594799e-01
3.800000000000000000e+02 5.970000000000000284e+01 9.950000000000001421e+01 1.194000000000000057e+02 7.960000000000000853e+01 1.921667523052752236e+00
3.820000000000000000e+02 1.990000000000000213e+01 9.950000000000001421e+01 1.194000000000000057e+02 7.960000000000000853e+01 1.342539152838508221e+00
3.850000000000000000e+02 3.320000000000000284e+01 2.158000000000000114e+02 9.960000000000000853e+01 6.640000000000000568e+01 5.653628255626015342e-01
3.900000000000000000e+02 9.950000000000001421e+01 1.990000000000000284e+02 1.194000000000000057e+02 7.960000000000000853e+01 3.108349006703041706e-01
3.920000000000000000e+02 4.640000000000000568e+01 1.392000000000000171e+02 1.392000000000000171e+02 9.280000000000001137e+01 5.560339574258055251e-02
3.950000000000000000e+02 2.660000000000000142e+01 6.650000000000000000e+01 7.980000000000001137e+01 5.320000000000000284e+01 5.674933032813014311e-01
3.970000000000000000e+02 0.000000000000000000e+00 1.393000000000000114e+02 1.194000000000000057e+02 7.960000000000000853e+01 4.569992371923918828e-01
4.000000000000000000e+02 1.990000000000000213e+01 7.960000000000000853e+01 1.194000000000000057e+02 7.960000000000000853e+01 1.183116530569269242e+00
4.000000000000000000e+02 9.950000000000001421e+01 2.985000000000000568e+02 1.194000000000000057e+02 7.960000000000000853e+01 6.818522207614636788e-01
4.010000000000000000e+02 2.324000000000000341e+02 8.300000000000000000e+01 9.960000000000000853e+01 6.640000000000000568e+01 5.359829622344769451e-01
4.020000000000000000e+02 9.950000000000001421e+01 0.000000000000000000e+00 1.194000000000000057e+02 7.960000000000000853e+01 3.148512758972115133e-01
4.030000000000000000e+02 4.980000000000000426e+01 1.328000000000000114e+02 9.960000000000000853e+01 6.640000000000000568e+01 5.550919107970229138e-01
4.060000000000000000e+02 1.660000000000000142e+01 1.826000000000000227e+02 9.960000000000000853e+01 6.640000000000000568e+01 1.343610528528041970e+00
4.080000000000000000e+02 2.320000000000000284e+01 4.640000000000000568e+01 1.392000000000000171e+02 9.280000000000001137e+01 8.612123089437686563e-01
4.090000000000000000e+02 2.320000000000000284e+01 1.624000000000000341e+02 1.392000000000000171e+02 9.280000000000001137e+01 1.348069587705125194e-02
4.100000000000000000e+02 3.980000000000000426e+01 1.194000000000000057e+02 1.194000000000000057e+02 7.960000000000000853e+01 9.403205661336941912e-01
4.170000000000000000e+02 1.990000000000000213e+01 1.194000000000000057e+02 1.194000000000000057e+02 7.960000000000000853e+01 1.827659059607213754e+00
4.200000000000000000e+02 1.197000000000000028e+02 1.330000000000000000e+02 7.980000000000001137e+01 5.320000000000000284e+01 2.874686585128853888e-01
4.200000000000000000e+02 5.970000000000000284e+01 2.388000000000000114e+02 1.194000000000000057e+02 7.960000000000000853e+01 8.557090733041687880e-01
4.200000000000000000e+02 9.950000000000001421e+01 1.194000000000000057e+02 1.194000000000000057e+02 7.960000000000000853e+01 1.958690919646544737e+00
4.230000000000000000e+02 1.660000000000000142e+01 6.640000000000000568e+01 9.960000000000000853e+01 6.640000000000000568e+01 6.546446851387297539e-01
4.230000000000000000e+02 9.960000000000000853e+01 2.158000000000000114e+02 9.960000000000000853e+01 6.640000000000000568e+01 1.735742012537226930e-01
4.230000000000000000e+02 5.970000000000000284e+01 3.184000000000000341e+02 1.194000000000000057e+02 7.960000000000000853e+01 2.284495471574743419e-02
4.240000000000000000e+02 1.393000000000000114e+02 1.393000000000000114e+02 1.194000000000000057e+02 7.960000000000000853e+01 7.384080019861964939e-01
4.260000000000000000e+02 1.990000000000000213e+01 1.194000000000000057e+02 1.194000000000000057e+02 7.960000000000000853e+01 1.323087379701547883e+00
4.270000000000000000e+02 1.330000000000000071e+01 2.394000000000000057e+02 7.980000000000001137e+01 5.320000000000000284e+01 1.161773074644956161e-02
4.270000000000000000e+02 2.660000000000000142e+01 3.990000000000000568e+01 7.980000000000001137e+01 5.320000000000000284e+01 4.837145318688735873e-01
4.270000000000000000e+02 2.660000000000000142e+01 1.330000000000000000e+02 7.980000000000001137e+01 5.320000000000000284e+01 1.225637106263141485e+00
4.270000000000000000e+02 1.660000000000000142e+01 3.320000000000000000e+02 9.960000000000000853e+01 6.640000000000000568e+01 1.027962577622161255e-01
4.310000000000000000e+02 2.320000000000000284e+01 1.856000000000000227e+02 1.392000000000000171e+02 9.280000000000001137e+01 7.269933019673933128e-01
4.320000000000000000e+02 2.320000000000000284e+01 1.856000000000000227e+02 1.392000000000000171e+02 9.280000000000001137e+01 4.345384872176312197e-01
4.330000000000000000e+02 9.950000000000001421e+01 2.587000000000000455e+02 1.194000000000000057e+02 7.960000000000000853e+01 3.695133756488424570e-01
4.330000000000000000e+02 6.960000000000000853e+01 1.160000000000000142e+02 1.392000000000000171e+02 9.280000000000001137e+01 1.488634584526311588e-01
4.340000000000000000e+02 3.990000000000000568e+01 3.059000000000000341e+02 7.980000000000001137e+01 5.320000000000000284e+01 1.702511401573356675e-01
4.340000000000000000e+02 1.660000000000000142e+01 6.640000000000000568e+01 9.960000000000000853e+01 6.640000000000000568e+01 5.828208661977030136e-01
4.350000000000000000e+02 3.320000000000000284e+01 3.652000000000000455e+02 9.960000000000000853e+01 6.640000000000000568e+01 1.539120606273856051e-01
4.350000000000000000e+02 4.980000000000000426e+01 6.640000000000000568e+01 9.960000000000000853e+01 6.640000000000000568e+01 7.108571044852307619e-01
4.360000000000000000e+02 1.660000000000000142e+01 1.162000000000000171e+02 9.960000000000000853e+01 6.640000000000000568e+01 1.075252549873924268e+00
4.390000000000000000e+02 1.990000000000000213e+01 1.791000000000000227e+02 1.194000000000000057e+02 7.960000000000000853e+01 1.288366964147470872e+00
4.400000000000000000e+02 1.660000000000000142e+01 9.960000000000000853e+01 9.960000000000000853e+01 6.640000000000000568e+01 2.581771232106822023e-01
4.420000000000000000e+02 1.660000000000000142e+01 1.826000000000000227e+02 9.960000000000000853e+01 6.640000000000000568e+01 6.824516033249599101e-01
4.470000000000000000e+02 9.960000000000000853e+01 1.660000000000000000e+02 9.960000000000000853e+01 6.640000000000000568e+01 5.983791898981813961e-01
4.470000000000000000e+02 3.980000000000000426e+01 3.980000000000000426e+01 1.194000000000000057e+02 7.960000000000000853e+01 1.399534433143421186e-01
4.490000000000000000e+02 1.162000000000000171e+02 2.158000000000000114e+02 9.960000000000000853e+01 6.640000000000000568e+01 1.733029396216270168e-01
4.500000000000000000e+02 4.640000000000000568e+01 1.160000000000000142e+02 1.392000000000000171e+02 9.280000000000001137e+01 7.380562421026315434e-02
4.530000000000000000e+02 1.791000000000000227e+02 1.194000000000000057e+02 1.194000000000000057e+02 7.960000000000000853e+01 1.510410278798728134e+00
4.580000000000000000e+02 2.320000000000000284e+01 1.624000000000000341e+02 1.392000000000000171e+02 9.280000000000001137e+01 3.435923652632648650e-01
4.590000000000000000e+02 0.000000000000000000e+00 2.822000000000000455e+02 9.960000000000000853e+01 6.640000000000000568e+01 3.615169543625376125e-01
4.640000000000000000e+02 3.320000000000000284e+01 1.162000000000000171e+02 9.960000000000000853e+01 6.640000000000000568e+01 1.767504521951674956e-01
4.670000000000000000e+02 1.990000000000000213e+01 3.980000000000000426e+01 1.194000000000000057e+02 7.960000000000000853e+01 6.082309313611469204e-01
4.680000000000000000e+02 1.660000000000000142e+01 8.300000000000000000e+01 9.960000000000000853e+01 6.640000000000000568e+01 3.594124930221220815e-02
4.680000000000000000e+02 4.980000000000000426e+01 2.822000000000000455e+02 9.960000000000000853e+01 6.640000000000000568e+01 1.441609240235962153e+00
4.690000000000000000e+02 9.960000000000000853e+01 2.490000000000000284e+02 9.960000000000000853e+01 6.640000000000000568e+01 9.849627732122760992e-01
4.690000000000000000e+02 2.320000000000000284e+01 1.392000000000000171e+02 1.392000000000000171e+02 9.280000000000001137e+01 1.758097216505996263e+00
4.690000000000000000e+02 6.960000000000000853e+01 2.320000000000000284e+01 1.392000000000000171e+02 9.280000000000001137e+01 2.292949380040172347e-01
4.720000000000000000e+02 1.990000000000000213e+01 0.000000000000000000e+00 1.194000000000000057e+02 7.960000000000000853e+01 5.220969614680168736e-01
4.760000000000000000e+02 6.650000000000000000e+01 2.527000000000000171e+02 7.980000000000001137e+01 5.320000000000000284e+01 7.884462727268992666e-02
4.760000000000000000e+02 1.660000000000000142e+01 3.652000000000000455e+02 9.960000000000000853e+01 6.640000000000000568e+01 1.375882615650193097e+00
4.790000000000000000e+02 3.320000000000000284e+01 1.992000000000000171e+02 9.960000000000000853e+01 6.640000000000000568e+01 7.583186720877543863e-03
4.800000000000000000e+02 6.640000000000000568e+01 4.980000000000000426e+01 9.960000000000000853e+01 6.640000000000000568e+01 1.968337628288896468e-02
4.800000000000000000e+02 1.990000000000000213e+01 2.189000000000000341e+02 1.194000000000000057e+02 7.960000000000000853e+01 2.639568599189596743e-01
4.820000000000000000e+02 5.970000000000000284e+01 7.960000000000000853e+01 1.194000000000000057e+02 7.960000000000000853e+01 5.229196117702317181e-02
4.840000000000000000e+02 0.000000000000000000e+00 1.392000000000000171e+02 1.392000000000000171e+02 9.280000000000001137e+01 5.097748207478625115e-01
4.850000000000000000e+02 1.990000000000000213e+01 1.592000000000000171e+02 1.194000000000000057e+02 7.960000000000000853e+01 8.360963811886541475e-01
4.870000000000000000e+02 1.990000000000000213e+01 7.960000000000000853e+01 1.194000000000000057e+02 7.960000000000000853e+01 5.043188261130115979e-01
4.880000000000000000e+02 1.660000000000000142e+01 1.162000000000000171e+02 9.960000000000000853e+01 6.640000000000000568e+01 4.123320324036641171e-01
4.910000000000000000e+02 2.320000000000000284e+01 1.392000000000000171e+02 1.392000000000000171e+02 9.280000000000001137e+01 5.783034135723947866e-01
4.920000000000000000e+02 3.320000000000000284e+01 9.960000000000000853e+01 9.960000000000000853e+01 6.640000000000000568e+01 6.923902207561993816e-01
4.940000000000000000e+02 2.320000000000000284e+01 1.856000000000000227e+02 1.392000000000000171e+02 9.280000000000001137e+01 5.099343843883479277e-01
4.970000000000000000e+02 5.970000000000000284e+01 9.950000000000001421e+01 1.194000000000000057e+02 7.960000000000000853e+01 1.374745034226274809e+00
4.990000000000000000e+02 6.640000000000000568e+01 1.660000000000000142e+01 9.960000000000000853e+01 6.640000000000000568e+01 2.159534229749564549e-01
4.990000000000000000e+02 6.640000000000000568e+01 1.328000000000000114e+02 9.960000000000000853e+01 6.640000000000000568e+01 1.082197410387581993e-01
4.990000000000000000e+02 6.640000000000000568e+01 2.490000000000000284e+02 9.960000000000000853e+01 6.640000000000000568e+01 4.600707662998215763e-01
4.990000000000000000e+02 6.640000000000000568e+01 3.486000000000000227e+02 9.960000000000000853e+01 6.640000000000000568e+01 3.496362524039404729e-01
5.020000000000000000e+02 1.660000000000000142e+01 2.822000000000000455e+02 9.960000000000000853e+01 6.640000000000000568e+01 1.300833781738319761e-01
5.020000000000000000e+02 1.990000000000000213e+01 5.970000000000000284e+01 1.194000000000000057e+02 7.960000000000000853e+01 2.206372773376521490e-01
5.040000000000000000e+02 0.000000000000000000e+00 1.660000000000000000e+02 9.960000000000000853e+01 6.640000000000000568e+01 6.294443128649034325e-01
5.050000000000000000e+02 4.640000000000000568e+01 1.392000000000000171e+02 1.392000000000000171e+02 9.280000000000001137e+01 4.576487332857273049e-01
5.140000000000000000e+02 4.640000000000000568e+01 9.280000000000001137e+01 1.392000000000000171e+02 9.280000000000001137e+01 2.620405023461940264e-01
5.190000000000000000e+02 2.320000000000000284e+01 9.280000000000001137e+01 1.392000000000000171e+02 9.280000000000001137e+01 8.059068463287795137e-01
5.190000000000000000e+02 6.960000000000000853e+01 2.784000000000000341e+02 1.392000000000000171e+02 9.280000000000001137e+01 5.443158088568258446e-01
5.210000000000000000e+02 1.392000000000000171e+02 4.640000000000000568e+01 1.392000000000000171e+02 9.280000000000001137e+01 1.205657660609829263e+00
5.220000000000000000e+02 4.640000000000000568e+01 9.280000000000001137e+01 1.392000000000000171e+02 9.280000000000001137e+01 2.728208958386428851e-01
5.240000000000000000e+02 5.970000000000000284e+01 9.950000000000001421e+01 1.194000000000000057e+02 7.960000000000000853e+01 5.205091465293067987e-01
5.250000000000000000e+02 6.960000000000000853e+01 6.960000000000000853e+01 1.392000000000000171e+02 9.280000000000001137e+01 1.048945313580495364e+00
5.260000000000000000e+02 3.320000000000000284e+01 1.328000000000000114e+02 9.960000000000000853e+01 6.640000000000000568e+01 4.892872744142520158e-01
5.280000000000000000e+02 2.660000000000000142e+01 6.650000000000000000e+01 7.980000000000001137e+01 5.320000000000000284e+01 1.499327768894811452e-01
5.280000000000000000e+02 0.000000000000000000e+00 2.490000000000000284e+02 9.960000000000000853e+01 6.640000000000000568e+01 6.587150686371894270e-01
5.280000000000000000e+02 0.000000000000000000e+00 5.970000000000000284e+01 1.194000000000000057e+02 7.960000000000000853e+01 2.619119150576805222e-01
5.310000000000000000e+02 0.000000000000000000e+00 1.194000000000000057e+02 1.194000000000000057e+02 7.960000000000000853e+01 2.664056586380645353e-01
5.340000000000000000e+02 9.280000000000001137e+01 4.640000000000000568e+01 1.392000000000000171e+02 9.280000000000001137e+01 8.689556868155687841e-01
5.370000000000000000e+02 5.970000000000000284e+01 1.791000000000000227e+02 1.194000000000000057e+02 7.960000000000000853e+01 1.250805452518939376e-01
5.470000000000000000e+02 1.660000000000000142e+01 1.826000000000000227e+02 9.960000000000000853e+01 6.640000000000000568e+01 1.846990200816611694e-01
5.490000000000000000e+02 1.990000000000000213e+01 5.970000000000000284e+01 1.194000000000000057e+02 7.960000000000000853e+01 1.708323628468979560e-01
5.490000000000000000e+02 2.587000000000000455e+02 7.960000000000000853e+01 1.194000000000000057e+02 7.960000000000000853e+01 3.301464120007446823e-02
5.500000000000000000e+02 0.000000000000000000e+00 0.000000000000000000e+00 1.392000000000000171e+02 9.280000000000001137e+01 3.410789063354924266e-02
5.530000000000000000e+02 2.320000000000000284e+01 4.640000000000000568e+01 1.392000000000000171e+02 9.280000000000001137e+01 1.520153470788654371e-01
5.540000000000000000e+02 1.990000000000000213e+01 5.970000000000000284e+01 1.194000000000000057e+02 7.960000000000000853e+01 1.767700644811249777e-01
5.540000000000000000e+02 2.320000000000000284e+01 2.552000000000000455e+02 1.392000000000000171e+02 9.280000000000001137e+01 1.265341612193700227e+00
5.550000000000000000e+02 0.000000000000000000e+00 9.950000000000001421e+01 1.194000000000000057e+02 7.960000000000000853e+01 1.865669220299172038e+00
5.580000000000000000e+02 1.660000000000000142e+01 1.162000000000000171e+02 9.960000000000000853e+01 6.640000000000000568e+01 3.957424675238103706e-01
5.590000000000000000e+02 2.320000000000000284e+01 2.320000000000000284e+02 1.392000000000000171e+02 9.280000000000001137e+01 3.607419929369444223e-01
5.600000000000000000e+02 2.320000000000000284e+01 9.280000000000001137e+01 1.392000000000000171e+02 9.280000000000001137e+01 7.127478570814036463e-01
5.630000000000000000e+02 1.660000000000000142e+01 1.162000000000000171e+02 9.960000000000000853e+01 6.640000000000000568e+01 2.115176381822487794e-01
5.660000000000000000e+02 6.960000000000000853e+01 1.160000000000000142e+02 1.392000000000000171e+02 9.280000000000001137e+01 2.830499184739876384e-03
5.670000000000000000e+02 2.320000000000000284e+01 1.392000000000000171e+02 1.392000000000000171e+02 9.280000000000001137e+01 1.008850978744371130e-01
5.680000000000000000e+02 3.980000000000000426e+01 2.189000000000000341e+02 1.194000000000000057e+02 7.960000000000000853e+01 2.681762481964400369e-01
5.700000000000000000e+02 1.990000000000000213e+01 1.194000000000000057e+02 1.194000000000000057e+02 7.960000000000000853e+01 2.692288668493352244e-01
5.730000000000000000e+02 4.980000000000000426e+01 1.162000000000000171e+02 9.960000000000000853e+01 6.640000000000000568e+01 3.455348223208718483e-01
5.750000000000000000e+02 7.960000000000000853e+01 2.985000000000000568e+02 1.194000000000000057e+02 7.960000000000000853e+01 4.068607652140221465e-01
5.780000000000000000e+02 3.980000000000000426e+01 1.592000000000000171e+02 1.194000000000000057e+02 7.960000000000000853e+01 2.116087559681940622e-01
5.800000000000000000e+02 6.640000000000000568e+01 1.162000000000000171e+02 9.960000000000000853e+01 6.640000000000000568e+01 5.802155414647593989e-01
5.810000000000000000e+02 1.990000000000000213e+01 1.194000000000000057e+02 1.194000000000000057e+02 7.960000000000000853e+01 9.302358398747936352e-01
5.830000000000000000e+02 9.950000000000001421e+01 1.990000000000000284e+02 1.194000000000000057e+02 7.960000000000000853e+01 5.933859996121604308e-01
5.850000000000000000e+02 3.320000000000000284e+01 6.640000000000000568e+01 9.960000000000000853e+01 6.640000000000000568e+01 8.702271403486283585e-01
5.890000000000000000e+02 1.990000000000000213e+01 1.194000000000000057e+02 1.194000000000000057e+02 7.960000000000000853e+01 1.569591664947165066e+00
5.910000000000000000e+02 1.990000000000000213e+01 5.970000000000000284e+01 1.194000000000000057e+02 7.960000000000000853e+01 1.465378965664843047e-01
5.910000000000000000e+02 7.960000000000000853e+01 1.990000000000000284e+02 1.194000000000000057e+02 7.960000000000000853e+01 7.149060498486996540e-01
5.950000000000000000e+02 4.640000000000000568e+01 1.624000000000000341e+02 1.392000000000000171e+02 9.280000000000001137e+01 7.870407636631921999e-01
5.970000000000000000e+02 4.980000000000000426e+01 1.660000000000000000e+02 9.960000000000000853e+01 6.640000000000000568e+01 8.005515897169754869e-01
5.990000000000000000e+02 1.660000000000000142e+01 1.494000000000000057e+02 9.960000000000000853e+01 6.640000000000000568e+01 4.343452613601350709e-01
6.000000000000000000e+02 2.320000000000000284e+01 9.280000000000001137e+01 1.392000000000000171e+02 9.280000000000001137e+01 6.031597335267158133e-01
6.020000000000000000e+02 9.960000000000000853e+01 1.328000000000000114e+02 9.960000000000000853e+01 6.640000000000000568e+01 2.806419485336892894e-01
6.040000000000000000e+02 1.990000000000000213e+01 5.970000000000000284e+01 1.194000000000000057e+02 7.960000000000000853e+01 7.569421379949210493e-01
6.060000000000000000e+02 1.660000000000000142e+01 9.960000000000000853e+01 9.960000000000000853e+01 6.640000000000000568e+01 2.400610153191351515e+00
6.140000000000000000e+02 1.660000000000000142e+01 1.494000000000000057e+02 9.960000000000000853e+01 6.640000000000000568e+01 3.075887076587118241e-01
6.160000000000000000e+02 5.970000000000000284e+01 9.950000000000001421e+01 1.194000000000000057e+02 7.960000000000000853e+01 1.845392606270397362e-01
6.170000000000000000e+02 3.320000000000000284e+01 1.328000000000000114e+02 9.960000000000000853e+01 6.640000000000000568e+01 1.042574513236861344e+00
6.170000000000000000e+02 3.980000000000000426e+01 3.383000000000000114e+02 1.194000000000000057e+02 7.960000000000000853e+01 3.319680774335198592e-02
6.170000000000000000e+02 2.320000000000000284e+01 4.640000000000000568e+01 1.392000000000000171e+02 9.280000000000001137e+01 6.026990143451340654e-01
6.210000000000000000e+02 6.650000000000000000e+01 1.729000000000000057e+02 7.980000000000001137e+01 5.320000000000000284e+01 6.511000087127685187e-01
6.210000000000000000e+02 0.000000000000000000e+00 0.000000000000000000e+00 1.392000000000000171e+02 9.280000000000001137e+01 6.030189943460182445e-01
6.320000000000000000e+02 1.660000000000000142e+01 8.300000000000000000e+01 9.960000000000000853e+01 6.640000000000000568e+01 1.201701448820706064e+00
6.340000000000000000e+02 3.320000000000000284e+01 1.660000000000000000e+02 9.960000000000000853e+01 6.640000000000000568e+01 1.451775669904729060e-01
6.350000000000000000e+02 6.960000000000000853e+01 1.160000000000000142e+02 1.392000000000000171e+02 9.280000000000001137e+01 2.217855933420873615e-01
6.360000000000000000e+02 6.960000000000000853e+01 1.392000000000000171e+02 1.392000000000000171e+02 9.280000000000001137e+01 1.770534983735355672e+00
6.370000000000000000e+02 4.640000000000000568e+01 4.640000000000000568e+01 1.392000000000000171e+02 9.280000000000001137e+01 5.754296610301008474e-01
6.370000000000000000e+02 4.640000000000000568e+01 3.016000000000000227e+02 1.392000000000000171e+02 9.280000000000001137e+01 2.074359373079426305e-03
6.380000000000000000e+02 8.300000000000000000e+01 1.660000000000000000e+02 9.960000000000000853e+01 6.640000000000000568e+01 1.541470729698524167e-02
6.390000000000000000e+02 3.980000000000000426e+01 2.189000000000000341e+02 1.194000000000000057e+02 7.960000000000000853e+01 8.528561777714549486e-02
6.400000000000000000e+02 1.660000000000000142e+01 8.300000000000000000e+01 9.960000000000000853e+01 6.640000000000000568e+01 9.356993996085483101e-01
6.410000000000000000e+02 6.650000000000000000e+01 1.596000000000000227e+02 7.980000000000001137e+01 5.320000000000000284e+01 5.511772669150929449e-01
6.410000000000000000e+02 1.660000000000000142e+01 6.640000000000000568e+01 9.960000000000000853e+01 6.640000000000000568e+01 8.255489919114620267e-01
6.420000000000000000e+02 1.990000000000000213e+01 1.791000000000000227e+02 1.194000000000000057e+02 7.960000000000000853e+01 9.465857139339324267e-01
6.430000000000000000e+02 0.000000000000000000e+00 2.320000000000000284e+02 1.392000000000000171e+02 9.280000000000001137e+01 3.571338648915924896e-01
6.470000000000000000e+02 9.310000000000000853e+01 1.330000000000000000e+02 7.980000000000001137e+01 5.320000000000000284e+01 5.526654950451497239e-01
6.490000000000000000e+02 1.162000000000000171e+02 1.328000000000000114e+02 9.960000000000000853e+01 6.640000000000000568e+01 4.520434208248969021e-02
6.510000000000000000e+02 4.980000000000000426e+01 9.960000000000000853e+01 9.960000000000000853e+01 6.640000000000000568e+01 1.189907013810713954e+00
6.530000000000000000e+02 3.320000000000000284e+01 3.320000000000000000e+02 9.960000000000000853e+01 6.640000000000000568e+01 7.799942000102688677e-01
6.550000000000000000e+02 2.320000000000000284e+01 3.248000000000000682e+02 1.392000000000000171e+02 9.280000000000001137e+01 7.066592560637301457e-01
6.570000000000000000e+02 4.980000000000000426e+01 2.490000000000000284e+02 9.960000000000000853e+01 6.640000000000000568e+01 1.408493967911568001e+00
6.590000000000000000e+02 4.640000000000000568e+01 1.392000000000000171e+02 1.392000000000000171e+02 9.280000000000001137e+01 6.938788089552549998e-02
6.600000000000000000e+02 6.960000000000000853e+01 1.160000000000000142e+02 1.392000000000000171e+02 9.280000000000001137e+01 1.678908401993133293e-01
6.610000000000000000e+02 1.990000000000000213e+01 1.194000000000000057e+02 1.194000000000000057e+02 7.960000000000000853e+01 9.665277470271476101e-01
6.620000000000000000e+02 4.980000000000000426e+01 8.300000000000000000e+01 9.960000000000000853e+01 6.640000000000000568e+01 8.528014311190323937e-02
6.690000000000000000e+02 1.990000000000000213e+01 5.970000000000000284e+01 1.194000000000000057e+02 7.960000000000000853e+01 2.415707343867123935e-01
6.710000000000000000e+02 4.640000000000000568e+01 9.280000000000001137e+01 1.392000000000000171e+02 9.280000000000001137e+01 1.044470164919431010e-01
6.730000000000000000e+02 2.320000000000000284e+01 9.280000000000001137e+01 1.392000000000000171e+02 9.280000000000001137e+01 1.112269091663218301e-01
6.740000000000000000e+02 3.980000000000000426e+01 1.592000000000000171e+02 1.194000000000000057e+02 7.960000000000000853e+01 2.197812372257244018e-01
6.760000000000000000e+02 1.791000000000000227e+02 1.592000000000000171e+02 1.194000000000000057e+02 7.960000000000000853e+01 1.601351957871888221e-01
6.760000000000000000e+02 0.000000000000000000e+00 2.320000000000000284e+01 1.392000000000000171e+02 9.280000000000001137e+01 1.556966546349991543e-01
6.770000000000000000e+02 1.330000000000000071e+01 1.729000000000000057e+02 7.980000000000001137e+01 5.320000000000000284e+01 1.960585103889929126e-01
6.820000000000000000e+02 3.320000000000000284e+01 8.300000000000000000e+01 9.960000000000000853e+01 6.640000000000000568e+01 5.550087843629560869e-01
6.830000000000000000e+02 7.960000000000000853e+01 2.189000000000000341e+02 1.194000000000000057e+02 7.960000000000000853e+01 5.364994413124148931e-01
6.840000000000000000e+02 2.320000000000000284e+01 1.160000000000000142e+02 1.392000000000000171e+02 9.280000000000001137e+01 1.893066328927057729e-01
6.850000000000000000e+02 1.862000000000000171e+02 1.197000000000000028e+02 7.980000000000001137e+01 5.320000000000000284e+01 1.029082546589237923e+00
6.870000000000000000e+02 0.000000000000000000e+00 3.184000000000000341e+02 1.194000000000000057e+02 7.960000000000000853e+01 4.091722525430843138e-01
6.900000000000000000e+02 1.990000000000000213e+01 7.960000000000000853e+01 1.194000000000000057e+02 7.960000000000000853e+01 3.015262471427526680e-01
6.910000000000000000e+02 6.960000000000000853e+01 2.320000000000000284e+02 1.392000000000000171e+02 9.280000000000001137e+01 6.319488483543644897e-02
6.940000000000000000e+02 1.660000000000000142e+01 1.328000000000000114e+02 9.960000000000000853e+01 6.640000000000000568e+01 1.267594215921636902e-01
6.950000000000000000e+02 1.990000000000000213e+01 1.194000000000000057e+02 1.194000000000000057e+02 7.960000000000000853e+01 5.532080982188898322e-01
6.970000000000000000e+02 3.980000000000000426e+01 1.393000000000000114e+02 1.194000000000000057e+02 7.960000000000000853e+01 1.240875685884361701e-01
6.980000000000000000e+02 2.189000000000000341e+02 1.592000000000000171e+02 1.194000000000000057e+02 7.960000000000000853e+01 7.152238448846337526e-02
7.000000000000000000e+02 9.280000000000001137e+01 1.392000000000000171e+02 1.392000000000000171e+02 9.280000000000001137e+01 3.420250083025384580e-01
7.030000000000000000e+02 3.980000000000000426e+01 7.960000000000000853e+01 1.194000000000000057e+02 7.960000000000000853e+01 9.279804965314737419e-01
7.040000000000000000e+02 4.980000000000000426e+01 3.320000000000000284e+01 9.960000000000000853e+01 6.640000000000000568e+01 1.584275744691960641e+00
7.060000000000000000e+02 2.320000000000000284e+01 1.624000000000000341e+02 1.392000000000000171e+02 9.280000000000001137e+01 7.667438475463288494e-01
7.080000000000000000e+02 1.624000000000000341e+02 4.640000000000000568e+01 1.392000000000000171e+02 9.280000000000001137e+01 6.155051281199308555e-02
7.100000000000000000e+02 0.000000000000000000e+00 2.388000000000000114e+02 1.194000000000000057e+02 7.960000000000000853e+01 7.934859949978576577e-01
7.110000000000000000e+02 1.330000000000000071e+01 1.197000000000000028e+02 7.980000000000001137e+01 5.320000000000000284e+01 9.920448396423455772e-01
7.140000000000000000e+02 1.660000000000000142e+01 1.826000000000000227e+02 9.960000000000000853e+01 6.640000000000000568e+01 7.297274079465287944e-01
7.150000000000000000e+02 1.990000000000000213e+01 9.950000000000001421e+01 1.194000000000000057e+02 7.960000000000000853e+01 3.427749759287299636e-01
7.170000000000000000e+02 3.320000000000000284e+01 1.992000000000000171e+02 9.960000000000000853e+01 6.640000000000000568e+01 1.376632334009026959e-01
7.190000000000000000e+02 0.000000000000000000e+00 2.088000000000000114e+02 1.392000000000000171e+02 9.280000000000001137e+01 4.719934569293162685e-01
7.210000000000000000e+02 4.640000000000000568e+01 1.624000000000000341e+02 1.392000000000000171e+02 9.280000000000001137e+01 1.062112766045756773e+00
7.220000000000000000e+02 8.300000000000000000e+01 3.486000000000000227e+02 9.960000000000000853e+01 6.640000000000000568e+01 8.918417866853431963e-01
7.220000000000000000e+02 1.990000000000000213e+01 1.791000000000000227e+02 1.194000000000000057e+02 7.960000000000000853e+01 6.038357727165906130e-01
7.220000000000000000e+02 5.970000000000000284e+01 5.970000000000000284e+01 1.194000000000000057e+02 7.960000000000000853e+01 2.551096868781279614e-01
7.230000000000000000e+02 1.494000000000000057e+02 1.992000000000000171e+02 9.960000000000000853e+01 6.640000000000000568e+01 5.443818307295302805e-01
7.230000000000000000e+02 1.494000000000000057e+02 2.822000000000000455e+02 9.960000000000000853e+01 6.640000000000000568e+01 1.238537059016896924e+00
7.230000000000000000e+02 3.980000000000000426e+01 9.950000000000001421e+01 1.194000000000000057e+02 7.960000000000000853e+01 4.358117408520050251e-01
7.260000000000000000e+02 3.980000000000000426e+01 1.194000000000000057e+02 1.194000000000000057e+02 7.960000000000000853e+01 2.564703656869762316e-01
7.310000000000000000e+02 3.980000000000000426e+01 1.592000000000000171e+02 1.194000000000000057e+02 7.960000000000000853e+01 1.794960914357396353e+00
7.330000000000000000e+02 1.990000000000000213e+01 1.194000000000000057e+02 1.194000000000000057e+02 7.960000000000000853e+01 3.611817244460475695e-01
7.370000000000000000e+02 1.990000000000000213e+01 1.194000000000000057e+02 1.194000000000000057e+02 7.960000000000000853e+01 3.124861237386977741e-02
7.380000000000000000e+02 9.950000000000001421e+01 1.791000000000000227e+02 1.194000000000000057e+02 7.960000000000000853e+01 9.856977702303229005e-01
7.420000000000000000e+02 2.324000000000000341e+02 4.980000000000000426e+01 9.960000000000000853e+01 6.640000000000000568e+01 3.301611353037559038e-01
7.420000000000000000e+02 2.320000000000000284e+02 2.088000000000000114e+02 1.392000000000000171e+02 9.280000000000001137e+01 8.440337334905214650e-01
7.430000000000000000e+02 4.640000000000000568e+01 2.320000000000000284e+02 1.392000000000000171e+02 9.280000000000001137e+01 7.592292286765722764e-02
7.440000000000000000e+02 0.000000000000000000e+00 8.300000000000000000e+01 9.960000000000000853e+01 6.640000000000000568e+01 5.812032419618737844e-01
7.450000000000000000e+02 2.660000000000000142e+01 1.064000000000000057e+02 7.980000000000001137e+01 5.320000000000000284e+01 1.021472330193562650e+00
7.460000000000000000e+02 6.640000000000000568e+01 1.494000000000000057e+02 9.960000000000000853e+01 6.640000000000000568e+01 7.750437938349781231e-01
7.460000000000000000e+02 1.990000000000000213e+01 5.970000000000000284e+01 1.194000000000000057e+02 7.960000000000000853e+01 3.389163721348167346e-01
7.490000000000000000e+02 1.194000000000000057e+02 7.960000000000000853e+01 1.194000000000000057e+02 7.960000000000000853e+01 2.634503547479332131e-01
7.500000000000000000e+02 7.960000000000000853e+01 2.388000000000000114e+02 1.194000000000000057e+02 7.960000000000000853e+01 1.908453246515435797e-01
7.540000000000000000e+02 3.980000000000000426e+01 1.393000000000000114e+02 1.194000000000000057e+02 7.960000000000000853e+01 5.902648223027135987e-01
7.570000000000000000e+02 6.640000000000000568e+01 2.324000000000000341e+02 9.960000000000000853e+01 6.640000000000000568e+01 1.010715639997503024e+00
7.570000000000000000e+02 5.970000000000000284e+01 3.383000000000000114e+02 1.194000000000000057e+02 7.960000000000000853e+01 2.698917077429261457e-01
7.610000000000000000e+02 3.980000000000000426e+01 7.960000000000000853e+01 1.194000000000000057e+02 7.960000000000000853e+01 6.494830518236349715e-01
7.640000000000000000e+02 3.980000000000000426e+01 1.791000000000000227e+02 1.194000000000000057e+02 7.960000000000000853e+01 9.247302578571625631e-02
7.650000000000000000e+02 6.640000000000000568e+01 8.300000000000000000e+01 9.960000000000000853e+01 6.640000000000000568e+01 1.172802734557392368e+00
7.660000000000000000e+02 3.990000000000000568e+01 2.793000000000000114e+02 7.980000000000001137e+01 5.320000000000000284e+01 1.999608558197609742e-01
7.680000000000000000e+02 2.320000000000000284e+01 2.088000000000000114e+02 1.392000000000000171e+02 9.280000000000001137e+01 3.047671560742795105e-01
7.700000000000000000e+02 1.160000000000000142e+02 1.392000000000000171e+02 1.392000000000000171e+02 9.280000000000001137e+01 4.953038146137476172e-01
7.750000000000000000e+02 1.660000000000000142e+01 1.162000000000000171e+02 9.960000000000000853e+01 6.640000000000000568e+01 1.941242068218103300e+00
7.760000000000000000e+02 3.320000000000000284e+01 6.640000000000000568e+01 9.960000000000000853e+01 6.640000000000000568e+01 1.208341832249235637e-01
7.760000000000000000e+02 5.970000000000000284e+01 3.184000000000000341e+02 1.194000000000000057e+02 7.960000000000000853e+01 3.124939359245115789e-02
7.770000000000000000e+02 1.990000000000000213e+01 9.950000000000001421e+01 1.194000000000000057e+02 7.960000000000000853e+01 5.462613409403427323e-01
7.780000000000000000e+02 1.064000000000000057e+02 2.660000000000000142e+01 7.980000000000001137e+01 5.320000000000000284e+01 2.657154403940185095e-01
7.780000000000000000e+02 3.320000000000000284e+01 9.960000000000000853e+01 9.960000000000000853e+01 6.640000000000000568e+01 6.163525349543748089e-01
7.790000000000000000e+02 6.640000000000000568e+01 1.992000000000000171e+02 9.960000000000000853e+01 6.640000000000000568e+01 7.714944075050611527e-01
7.820000000000000000e+02 5.970000000000000284e+01 2.587000000000000455e+02 1.194000000000000057e+02 7.960000000000000853e+01 3.949133398657653782e-01
7.830000000000000000e+02 1.660000000000000142e+01 2.822000000000000455e+02 9.960000000000000853e+01 6.640000000000000568e+01 1.295678641740623194e+00
7.830000000000000000e+02 6.640000000000000568e+01 8.300000000000000000e+01 9.960000000000000853e+01 6.640000000000000568e+01 7.050385881272869248e-02
7.930000000000000000e+02 9.960000000000000853e+01 6.640000000000000568e+01 9.960000000000000853e+01 6.640000000000000568e+01 8.806296586169264362e-01
7.990000000000000000e+02 3.980000000000000426e+01 1.791000000000000227e+02 1.194000000000000057e+02 7.960000000000000853e+01 2.595962782238747657e-02
8.080000000000000000e+02 1.826000000000000227e+02 4.980000000000000426e+01 9.960000000000000853e+01 6.640000000000000568e+01 4.433379670379644644e-02
8.100000000000000000e+02 3.320000000000000284e+01 1.162000000000000171e+02 9.960000000000000853e+01 6.640000000000000568e+01 8.000835195871418559e-01
8.110000000000000000e+02 5.970000000000000284e+01 2.786000000000000227e+02 1.194000000000000057e+02 7.960000000000000853e+01 7.308744955176484925e-01
8.130000000000000000e+02 5.970000000000000284e+01 9.950000000000001421e+01 1.194000000000000057e+02 7.960000000000000853e+01 2.177942177967739923e-03
8.140000000000000000e+02 3.980000000000000426e+01 1.194000000000000057e+02 1.194000000000000057e+02 7.960000000000000853e+01 3.361339820489954722e-01
8.150000000000000000e+02 1.660000000000000142e+01 1.992000000000000171e+02 9.960000000000000853e+01 6.640000000000000568e+01 2.183761399904307066e-01
8.150000000000000000e+02 5.970000000000000284e+01 5.970000000000000284e+01 1.194000000000000057e+02 7.960000000000000853e+01 3.559108122108065597e-01
8.160000000000000000e+02 5.970000000000000284e+01 9.950000000000001421e+01 1.194000000000000057e+02 7.960000000000000853e+01 5.989519368408335875e-01
8.170000000000000000e+02 1.330000000000000071e+01 2.660000000000000000e+02 7.980000000000001137e+01 5.320000000000000284e+01 5.979802370385023380e-02
8.170000000000000000e+02 6.640000000000000568e+01 1.162000000000000171e+02 9.960000000000000853e+01 6.640000000000000568e+01 1.187051511920136582e+00
8.170000000000000000e+02 0.000000000000000000e+00 2.587000000000000455e+02 1.194000000000000057e+02 7.960000000000000853e+01 4.594265619087261054e-01
8.190000000000000000e+02 3.320000000000000284e+01 1.494000000000000057e+02 9.960000000000000853e+01 6.640000000000000568e+01 8.135462077447885854e-02
8.200000000000000000e+02 4.640000000000000568e+01 1.160000000000000142e+02 1.392000000000000171e+02 9.280000000000001137e+01 1.086660134368488961e-01
8.210000000000000000e+02 3.990000000000000568e+01 1.995000000000000000e+02 7.980000000000001137e+01 5.320000000000000284e+01 2.742344153797326989e-02
8.210000000000000000e+02 2.320000000000000284e+01 4.640000000000000568e+01 1.392000000000000171e+02 9.280000000000001137e+01 9.506550474534480877e-02
8.260000000000000000e+02 1.990000000000000213e+01 9.950000000000001421e+01 1.194000000000000057e+02 7.960000000000000853e+01 1.904671522324699051e-01
8.270000000000000000e+02 2.660000000000000142e+01 1.064000000000000057e+02 7.980000000000001137e+01 5.320000000000000284e+01 1.035286398677925934e-01
8.280000000000000000e+02 3.980000000000000426e+01 7.960000000000000853e+01 1.194000000000000057e+02 7.960000000000000853e+01 7.953461253688332011e-01
8.280000000000000000e+02 0.000000000000000000e+00 3.016000000000000227e+02 1.392000000000000171e+02 9.280000000000001137e+01 1.751135903165106367e-01
8.300000000000000000e+02 2.320000000000000284e+01 1.856000000000000227e+02 1.392000000000000171e+02 9.280000000000001137e+01 4.130416766506932458e-01
8.330000000000000000e+02 2.320000000000000284e+01 1.392000000000000171e+02 1.392000000000000171e+02 9.280000000000001137e+01 6.292746860655735741e-01
8.350000000000000000e+02 1.660000000000000142e+01 6.640000000000000568e+01 9.960000000000000853e+01 6.640000000000000568e+01 2.138294304695225190e-01
8.360000000000000000e+02 2.320000000000000284e+01 1.856000000000000227e+02 1.392000000000000171e+02 9.280000000000001137e+01 4.981079425587833232e-01
8.430000000000000000e+02 1.660000000000000142e+01 1.162000000000000171e+02 9.960000000000000853e+01 6.640000000000000568e+01 6.318717457151936667e-01
8.440000000000000000e+02 9.280000000000001137e+01 1.160000000000000142e+02 1.392000000000000171e+02 9.280000000000001137e+01 5.910890121484564386e-01
8.450000000000000000e+02 1.660000000000000142e+01 1.494000000000000057e+02 9.960000000000000853e+01 6.640000000000000568e+01 3.113793015261001607e-02
8.460000000000000000e+02 2.320000000000000284e+01 1.624000000000000341e+02 1.392000000000000171e+02 9.280000000000001137e+01 5.843290835110168668e-01
8.470000000000000000e+02 9.960000000000000853e+01 1.660000000000000000e+02 9.960000000000000853e+01 6.640000000000000568e+01 4.145215201338252609e-01
8.530000000000000000e+02 1.990000000000000213e+01 3.184000000000000341e+02 1.194000000000000057e+02 7.960000000000000853e+01 4.817518807130036773e-01
8.530000000000000000e+02 3.980000000000000426e+01 3.980000000000000426e+01 1.194000000000000057e+02 7.960000000000000853e+01 5.622108779161447689e-01
8.530000000000000000e+02 0.000000000000000000e+00 1.856000000000000227e+02 1.392000000000000171e+02 9.280000000000001137e+01 2.992344038735021972e-01
8.550000000000000000e+02 2.320000000000000284e+01 1.160000000000000142e+02 1.392000000000000171e+02 9.280000000000001137e+01 1.000427050220533687e-01
8.580000000000000000e+02 1.660000000000000142e+01 9.960000000000000853e+01 9.960000000000000853e+01 6.640000000000000568e+01 9.413456718219359587e-03
8.580000000000000000e+02 2.320000000000000284e+01 2.552000000000000455e+02 1.392000000000000171e+02 9.280000000000001137e+01 1.723128731979739481e-01
8.590000000000000000e+02 9.950000000000001421e+01 2.786000000000000227e+02 1.194000000000000057e+02 7.960000000000000853e+01 4.089118571268930413e-01
8.600000000000000000e+02 4.640000000000000568e+01 1.624000000000000341e+02 1.392000000000000171e+02 9.280000000000001137e+01 3.119574858307883058e-01
8.620000000000000000e+02 2.320000000000000284e+01 2.784000000000000341e+02 1.392000000000000171e+02 9.280000000000001137e+01 2.502216468255327175e-01
8.630000000000000000e+02 8.300000000000000000e+01 9.960000000000000853e+01 9.960000000000000853e+01 6.640000000000000568e+01 1.548149250040229186e+00
8.650000000000000000e+02 1.660000000000000142e+01 1.992000000000000171e+02 9.960000000000000853e+01 6.640000000000000568e+01 7.416242479588348591e-01
8.650000000000000000e+02 3.320000000000000284e+01 4.980000000000000426e+01 9.960000000000000853e+01 6.640000000000000568e+01 2.955702915088331828e-02
8.660000000000000000e+02 1.990000000000000213e+01 1.592000000000000171e+02 1.194000000000000057e+02 7.960000000000000853e+01 7.582896318447123196e-01
8.680000000000000000e+02 0.000000000000000000e+00 1.624000000000000341e+02 1.392000000000000171e+02 9.280000000000001137e+01 8.652964821859574496e-01
8.700000000000000000e+02 1.592000000000000171e+02 2.388000000000000114e+02 1.194000000000000057e+02 7.960000000000000853e+01 6.939233071324399926e-01
8.710000000000000000e+02 5.320000000000000284e+01 1.729000000000000057e+02 7.980000000000001137e+01 5.320000000000000284e+01 2.625991825944629099e-02
8.720000000000000000e+02 1.660000000000000142e+01 1.162000000000000171e+02 9.960000000000000853e+01 6.640000000000000568e+01 1.090903733059884084e+00
8.730000000000000000e+02 4.980000000000000426e+01 1.162000000000000171e+02 9.960000000000000853e+01 6.640000000000000568e+01 5.395099499472657545e-01
8.740000000000000000e+02 3.320000000000000284e+01 6.640000000000000568e+01 9.960000000000000853e+01 6.640000000000000568e+01 2.378853759559589331e-01
8.750000000000000000e+02 0.000000000000000000e+00 1.392000000000000171e+02 1.392000000000000171e+02 9.280000000000001137e+01 8.205739805358815975e-01
8.760000000000000000e+02 7.960000000000000853e+01 1.393000000000000114e+02 1.194000000000000057e+02 7.960000000000000853e+01 5.557223254767615916e-01
8.770000000000000000e+02 4.980000000000000426e+01 2.324000000000000341e+02 9.960000000000000853e+01 6.640000000000000568e+01 1.010060931896266778e+00
8.790000000000000000e+02 0.000000000000000000e+00 1.194000000000000057e+02 1.194000000000000057e+02 7.960000000000000853e+01 3.510027943511284665e-01
8.790000000000000000e+02 1.990000000000000213e+01 2.587000000000000455e+02 1.194000000000000057e+02 7.960000000000000853e+01 6.070357699066157853e-01
8.800000000000000000e+02 6.960000000000000853e+01 9.280000000000001137e+01 1.392000000000000171e+02 9.280000000000001137e+01 4.708007775392286653e-02
8.830000000000000000e+02 8.300000000000000000e+01 1.162000000000000171e+02 9.960000000000000853e+01 6.640000000000000568e+01 4.020389638657062559e-01
8.840000000000000000e+02 3.980000000000000426e+01 1.791000000000000227e+02 1.194000000000000057e+02 7.960000000000000853e+01 7.731851295460676621e-01
8.880000000000000000e+02 1.990000000000000213e+01 1.393000000000000114e+02 1.194000000000000057e+02 7.960000000000000853e+01 8.629114886132449591e-02
8.910000000000000000e+02 3.990000000000000568e+01 1.862000000000000171e+02 7.980000000000001137e+01 5.320000000000000284e+01 3.470178867986084548e-02
8.920000000000000000e+02 2.320000000000000284e+01 4.640000000000000568e+01 1.392000000000000171e+02 9.280000000000001137e+01 6.076616202402884692e-01
8.920000000000000000e+02 1.160000000000000142e+02 1.392000000000000171e+02 1.392000000000000171e+02 9.280000000000001137e+01 8.241059269062198656e-01
8.940000000000000000e+02 1.660000000000000142e+01 1.826000000000000227e+02 9.960000000000000853e+01 6.640000000000000568e+01 4.362176414915091005e-01
8.950000000000000000e+02 1.990000000000000213e+01 2.388000000000000114e+02 1.194000000000000057e+02 7.960000000000000853e+01 1.265106351151161546e+00
8.960000000000000000e+02 4.980000000000000426e+01 1.162000000000000171e+02 9.960000000000000853e+01 6.640000000000000568e+01 2.187893579420665535e-01
9.010000000000000000e+02 1.990000000000000213e+01 9.950000000000001421e+01 1.194000000000000057e+02 7.960000000000000853e+01 5.764396197801462396e-01
9.030000000000000000e+02 1.660000000000000142e+01 2.158000000000000114e+02 9.960000000000000853e+01 6.640000000000000568e+01 1.817163016987641821e-01
9.030000000000000000e+02 3.320000000000000284e+01 8.300000000000000000e+01 9.960000000000000853e+01 6.640000000000000568e+01 3.833049169900901720e-01
9.030000000000000000e+02 1.592000000000000171e+02 9.950000000000001421e+01 1.194000000000000057e+02 7.960000000000000853e+01 3.485538692101353142e-02
9.040000000000000000e+02 5.000000000000000000e+01 2.200000000000000000e+02 6.000000000000000000e+01 4.000000000000000000e+01 2.646606248335208189e-01
9.040000000000000000e+02 1.100000000000000000e+02 3.500000000000000000e+02 6.000000000000000000e+01 4.000000000000000000e+01 5.457239783756826501e-01
9.050000000000000000e+02 2.320000000000000284e+01 6.960000000000000853e+01 1.392000000000000171e+02 9.280000000000001137e+01 3.062847176917389280e-01
9.070000000000000000e+02 5.320000000000000284e+01 1.064000000000000057e+02 7.980000000000001137e+01 5.320000000000000284e+01 6.518995723147402721e-02
9.080000000000000000e+02 2.320000000000000284e+01 1.160000000000000142e+02 1.392000000000000171e+02 9.280000000000001137e+01 6.100600271524385665e-01
9.100000000000000000e+02 1.162000000000000171e+02 6.640000000000000568e+01 9.960000000000000853e+01 6.640000000000000568e+01 3.686817175361205567e-01
9.110000000000000000e+02 3.980000000000000426e+01 1.592000000000000171e+02 1.194000000000000057e+02 7.960000000000000853e+01 9.530191535091159238e-02
9.120000000000000000e+02 1.660000000000000142e+01 3.320000000000000284e+01 9.960000000000000853e+01 6.640000000000000568e+01 4.664111790663476587e-01
9.140000000000000000e+02 5.970000000000000284e+01 9.950000000000001421e+01 1.194000000000000057e+02 7.960000000000000853e+01 4.438198492573881548e-01
9.160000000000000000e+02 3.980000000000000426e+01 1.592000000000000171e+02 1.194000000000000057e+02 7.960000000000000853e+01 8.404650042064056858e-01
9.190000000000000000e+02 3.320000000000000284e+01 1.328000000000000114e+02 9.960000000000000853e+01 6.640000000000000568e+01 9.778771818318581222e-01
9.190000000000000000e+02 3.320000000000000284e+01 2.656000000000000227e+02 9.960000000000000853e+01 6.640000000000000568e+01 7.635876820161360268e-01
9.200000000000000000e+02 4.980000000000000426e+01 1.328000000000000114e+02 9.960000000000000853e+01 6.640000000000000568e+01 9.976210786297401434e-02
9.220000000000000000e+02 7.000000000000000000e+01 2.500000000000000000e+02 6.000000000000000000e+01 4.000000000000000000e+01 8.108030265563466177e-01
9.220000000000000000e+02 6.650000000000000000e+01 2.660000000000000142e+01 7.980000000000001137e+01 5.320000000000000284e+01 1.848330102569796685e+00
9.250000000000000000e+02 1.791000000000000227e+02 1.393000000000000114e+02 1.194000000000000057e+02 7.960000000000000853e+01 4.677666683143375526e-01
9.270000000000000000e+02 7.960000000000000853e+01 1.194000000000000057e+02 1.194000000000000057e+02 7.960000000000000853e+01 4.215841604403471887e-01
9.280000000000000000e+02 9.280000000000001137e+01 9.280000000000001137e+01 1.392000000000000171e+02 9.280000000000001137e+01 2.935547845454267168e-02
9.290000000000000000e+02 3.320000000000000284e+01 1.162000000000000171e+02 9.960000000000000853e+01 6.640000000000000568e+01 4.792886387908830148e-01
9.340000000000000000e+02 4.640000000000000568e+01 4.640000000000000568e+01 1.392000000000000171e+02 9.280000000000001137e+01 5.785473898468425080e-01
9.360000000000000000e+02 3.320000000000000284e+01 9.960000000000000853e+01 9.960000000000000853e+01 6.640000000000000568e+01 3.450534416419455130e-01
9.370000000000000000e+02 9.310000000000000853e+01 3.192000000000000455e+02 7.980000000000001137e+01 5.320000000000000284e+01 5.137614694782843827e-02
9.370000000000000000e+02 1.660000000000000142e+01 6.640000000000000568e+01 9.960000000000000853e+01 6.640000000000000568e+01 1.542898870032649583e-02
9.370000000000000000e+02 9.960000000000000853e+01 2.158000000000000114e+02 9.960000000000000853e+01 6.640000000000000568e+01 1.155541244553343949e+00
9.380000000000000000e+02 1.700000000000000000e+02 2.100000000000000000e+02 6.000000000000000000e+01 4.000000000000000000e+01 6.007194204036789831e-01
9.380000000000000000e+02 1.494000000000000057e+02 4.980000000000000426e+01 9.960000000000000853e+01 6.640000000000000568e+01 7.931084903194347557e-01
9.400000000000000000e+02 2.320000000000000284e+01 1.624000000000000341e+02 1.392000000000000171e+02 9.280000000000001137e+01 9.579565281915460861e-01
9.420000000000000000e+02 0.000000000000000000e+00 1.624000000000000341e+02 1.392000000000000171e+02 9.280000000000001137e+01 6.301146602380502948e-02
9.480000000000000000e+02 3.320000000000000284e+01 1.992000000000000171e+02 9.960000000000000853e+01 6.640000000000000568e+01 4.339573542117272087e-01
9.500000000000000000e+02 3.320000000000000284e+01 8.300000000000000000e+01 9.960000000000000853e+01 6.640000000000000568e+01 8.225826776116706984e-01
9.510000000000000000e+02 3.320000000000000284e+01 1.328000000000000114e+02 9.960000000000000853e+01 6.640000000000000568e+01 6.842671655333367742e-01
9.540000000000000000e+02 2.320000000000000284e+01 1.624000000000000341e+02 1.392000000000000171e+02 9.280000000000001137e+01 1.557879331430792602e+00
9.550000000000000000e+02 3.980000000000000426e+01 9.950000000000001421e+01 1.194000000000000057e+02 7.960000000000000853e+01 1.224644967776968185e+00
9.560000000000000000e+02 4.640000000000000568e+01 9.280000000000001137e+01 1.392000000000000171e+02 9.280000000000001137e+01 2.259072232193262142e-01
9.600000000000000000e+02 3.320000000000000284e+01 6.640000000000000568e+01 9.960000000000000853e+01 6.640000000000000568e+01 2.951869944850595839e-01
9.600000000000000000e+02 7.960000000000000853e+01 3.582000000000000455e+02 1.194000000000000057e+02 7.960000000000000853e+01 3.765638496558689763e-01
9.610000000000000000e+02 3.320000000000000284e+01 1.826000000000000227e+02 9.960000000000000853e+01 6.640000000000000568e+01 5.316385065240514241e-01
9.630000000000000000e+02 1.990000000000000213e+01 1.393000000000000114e+02 1.194000000000000057e+02 7.960000000000000853e+01 5.132349674897380698e-01
9.690000000000000000e+02 4.640000000000000568e+01 2.320000000000000284e+02 1.392000000000000171e+02 9.280000000000001137e+01 6.076961365496358347e-02
9.700000000000000000e+02 4.640000000000000568e+01 1.160000000000000142e+02 1.392000000000000171e+02 9.280000000000001137e+01 7.648720330802347700e-01
9.720000000000000000e+02 4.640000000000000568e+01 1.160000000000000142e+02 1.392000000000000171e+02 9.280000000000001137e+01 4.315507466825507787e-01
9.730000000000000000e+02 2.320000000000000284e+01 6.960000000000000853e+01 1.392000000000000171e+02 9.280000000000001137e+01 5.965074124652727239e-01
9.750000000000000000e+02 1.990000000000000213e+01 7.960000000000000853e+01 1.194000000000000057e+02 7.960000000000000853e+01 4.087900958794967732e-01
9.830000000000000000e+02 1.660000000000000142e+01 1.162000000000000171e+02 9.960000000000000853e+01 6.640000000000000568e+01 1.255779601549218416e-01
9.880000000000000000e+02 5.320000000000000284e+01 9.310000000000000853e+01 7.980000000000001137e+01 5.320000000000000284e+01 3.350334662790255269e-01
9.880000000000000000e+02 1.660000000000000142e+01 1.992000000000000171e+02 9.960000000000000853e+01 6.640000000000000568e+01 1.557628963818575185e+00
9.920000000000000000e+02 2.320000000000000284e+01 1.856000000000000227e+02 1.392000000000000171e+02 9.280000000000001137e+01 9.863710953989437424e-01
9.950000000000000000e+02 1.990000000000000213e+01 1.393000000000000114e+02 1.194000000000000057e+02 7.960000000000000853e+01 4.626822814301541076e-01
9.950000000000000000e+02 3.980000000000000426e+01 2.587000000000000455e+02 1.194000000000000057e+02 7.960000000000000853e+01 3.927636016559452603e-01
9.960000000000000000e+02 2.660000000000000000e+02 1.463000000000000114e+02 7.980000000000001137e+01 5.320000000000000284e+01 7.140511375961657858e-01
9.960000000000000000e+02 1.660000000000000142e+01 2.324000000000000341e+02 9.960000000000000853e+01 6.640000000000000568e+01 8.111400084355018247e-01
9.960000000000000000e+02 1.990000000000000213e+01 9.950000000000001421e+01 1.194000000000000057e+02 7.960000000000000853e+01 5.537725249244840331e-01
9.990000000000000000e+02 0.000000000000000000e+00 1.392000000000000171e+02 1.392000000000000171e+02 9.280000000000001137e+01 9.166513629036032729e-01
