1.000000000000000000e+00 4.000000000000000000e+01 1.200000000000000000e+02 1.500000000000000000e+02 1.000000000000000000e+02 5.300175246640534965e-01
2.000000000000000000e+00 6.400000000000000000e+01 6.400000000000000000e+01 2.400000000000000000e+02 1.600000000000000000e+02 8.096180805445030160e-01
3.000000000000000000e+00 2.240000000000000213e+01 8.960000000000000853e+01 1.680000000000000284e+02 1.120000000000000142e+02 6.812630622410122960e-01
6.000000000000000000e+00 1.120000000000000000e+02 1.440000000000000000e+02 1.200000000000000000e+02 8.000000000000000000e+01 1.340271800667679258e+00
1.000000000000000000e+01 1.119999999999999929e+01 1.455999999999999943e+02 8.400000000000000000e+01 5.600000000000000000e+01 5.331872732406046644e-01
1.000000000000000000e+01 5.759999999999999432e+01 2.447999999999999829e+02 1.079999999999999858e+02 7.200000000000000000e+01 1.916911083730439280e-01
1.100000000000000000e+01 9.600000000000000000e+01 6.400000000000000000e+01 2.400000000000000000e+02 1.600000000000000000e+02 6.651065663535842276e-01
1.200000000000000000e+01 4.800000000000000000e+01 2.400000000000000000e+02 1.200000000000000000e+02 8.000000000000000000e+01 1.587310674804931043e+00
1.300000000000000000e+01 9.600000000000000000e+01 1.280000000000000000e+02 1.200000000000000000e+02 8.000000000000000000e+01 7.189805757691836163e-01
1.400000000000000000e+01 3.520000000000000284e+01 1.408000000000000114e+02 1.320000000000000000e+02 8.800000000000000000e+01 1.307808088158336712e+00
1.500000000000000000e+01 2.240000000000000213e+01 8.960000000000000853e+01 1.680000000000000284e+02 1.120000000000000142e+02 5.866707801997450566e-02
1.600000000000000000e+01 4.000000000000000000e+01 1.400000000000000000e+02 1.500000000000000000e+02 1.000000000000000000e+02 4.051326935836794263e-01
1.800000000000000000e+01 6.400000000000000000e+01 6.400000000000000000e+01 2.400000000000000000e+02 1.600000000000000000e+02 5.914980541739689457e-02
1.900000000000000000e+01 3.200000000000000000e+01 9.600000000000000000e+01 2.400000000000000000e+02 1.600000000000000000e+02 7.961616549214838301e-01
2.100000000000000000e+01 4.480000000000000426e+01 8.960000000000000853e+01 1.680000000000000284e+02 1.120000000000000142e+02 9.390946646092883654e-01
2.200000000000000000e+01 2.800000000000000000e+01 1.680000000000000000e+02 2.100000000000000000e+02 1.400000000000000000e+02 5.276103152940385677e-01
2.300000000000000000e+01 3.200000000000000000e+01 9.600000000000000000e+01 1.200000000000000000e+02 8.000000000000000000e+01 7.958779775755209229e-03
2.300000000000000000e+01 2.400000000000000000e+02 8.000000000000000000e+01 1.200000000000000000e+02 8.000000000000000000e+01 9.152808556869773682e-02
2.300000000000000000e+01 2.000000000000000000e+01 2.600000000000000000e+02 1.500000000000000000e+02 1.000000000000000000e+02 5.884083339448831218e-01
2.300000000000000000e+01 2.000000000000000000e+02 2.600000000000000000e+02 1.500000000000000000e+02 1.000000000000000000e+02 1.461188838373844057e+00
2.400000000000000000e+01 2.400000000000000000e+01 1.200000000000000000e+02 1.800000000000000000e+02 1.200000000000000000e+02 5.564244444042429905e-01
2.500000000000000000e+01 0.000000000000000000e+00 4.160000000000000853e+01 3.120000000000000568e+02 2.080000000000000568e+02 7.041955701483781915e-01
2.600000000000000000e+01 0.000000000000000000e+00 4.400000000000000000e+01 3.300000000000000000e+02 2.200000000000000000e+02 1.928464267532992160e-01
2.700000000000000000e+01 3.600000000000000000e+01 1.440000000000000000e+02 9.000000000000000000e+01 6.000000000000000000e+01 2.959706502279777496e-01
2.700000000000000000e+01 1.600000000000000000e+01 2.880000000000000000e+02 1.200000000000000000e+02 8.000000000000000000e+01 4.332876361713764446e-01
2.800000000000000000e+01 3.120000000000000284e+01 6.240000000000000568e+01 7.800000000000000000e+01 5.200000000000000000e+01 5.154682088569497722e-01
2.800000000000000000e+01 7.279999999999999716e+01 2.080000000000000000e+02 7.800000000000000000e+01 5.200000000000000000e+01 2.347211191062301694e-01
2.800000000000000000e+01 7.279999999999999716e+01 3.328000000000000114e+02 7.800000000000000000e+01 5.200000000000000000e+01 5.282166084770727466e-01
2.900000000000000000e+01 0.000000000000000000e+00 1.056000000000000085e+02 1.320000000000000000e+02 8.800000000000000000e+01 2.753476333049711400e-01
3.000000000000000000e+01 1.280000000000000071e+01 2.816000000000000227e+02 9.600000000000000000e+01 6.400000000000000000e+01 5.287032137873950433e-01
3.000000000000000000e+01 5.280000000000000426e+01 1.408000000000000114e+02 1.320000000000000000e+02 8.800000000000000000e+01 4.849537795704415011e-01
3.100000000000000000e+01 0.000000000000000000e+00 3.680000000000000426e+01 2.760000000000000568e+02 1.840000000000000284e+02 3.885797365931926706e-01
3.200000000000000000e+01 8.960000000000000853e+01 6.720000000000000284e+01 1.680000000000000284e+02 1.120000000000000142e+02 2.805181328982966349e-01
3.300000000000000000e+01 8.160000000000000853e+01 1.088000000000000114e+02 2.040000000000000284e+02 1.360000000000000000e+02 5.853650514236190538e-01
3.400000000000000000e+01 1.152000000000000028e+02 1.664000000000000057e+02 9.600000000000000000e+01 6.400000000000000000e+01 7.271175061274415263e-02
3.500000000000000000e+01 1.280000000000000000e+02 7.680000000000001137e+01 9.600000000000000000e+01 6.400000000000000000e+01 6.716626972363761716e-01
3.500000000000000000e+01 3.520000000000000284e+01 1.760000000000000000e+02 1.320000000000000000e+02 8.800000000000000000e+01 7.348618473594736855e-01
3.900000000000000000e+01 0.000000000000000000e+00 4.160000000000000853e+01 3.120000000000000568e+02 2.080000000000000568e+02 3.633036597188672445e-01
4.000000000000000000e+01 6.720000000000000284e+01 8.960000000000000853e+01 1.680000000000000284e+02 1.120000000000000142e+02 5.423627807007602719e-02
4.000000000000000000e+01 0.000000000000000000e+00 8.160000000000000853e+01 2.040000000000000284e+02 1.360000000000000000e+02 9.669336798178473913e-02
4.100000000000000000e+01 0.000000000000000000e+00 8.800000000000000000e+01 1.320000000000000000e+02 8.800000000000000000e+01 7.008933559567731564e-01
4.200000000000000000e+01 2.720000000000000284e+01 1.088000000000000114e+02 2.040000000000000284e+02 1.360000000000000000e+02 6.055791474248919393e-01
4.300000000000000000e+01 8.000000000000000000e+01 1.280000000000000000e+02 1.200000000000000000e+02 8.000000000000000000e+01 4.037938247374870393e-01
4.400000000000000000e+01 3.200000000000000000e+01 6.400000000000000000e+01 2.400000000000000000e+02 1.600000000000000000e+02 5.101324741293074005e-01
4.500000000000000000e+01 1.760000000000000142e+01 2.464000000000000341e+02 1.320000000000000000e+02 8.800000000000000000e+01 2.825863765998715138e-02
4.600000000000000000e+01 5.759999999999999432e+01 2.015999999999999659e+02 1.079999999999999858e+02 7.200000000000000000e+01 1.247028917905894208e+00
4.700000000000000000e+01 3.680000000000000426e+01 7.360000000000000853e+01 2.760000000000000568e+02 1.840000000000000284e+02 7.765306432748504406e-01
4.800000000000000000e+01 5.120000000000000284e+01 1.152000000000000028e+02 9.600000000000000000e+01 6.400000000000000000e+01 1.205048254624450088e-01
4.900000000000000000e+01 4.319999999999999574e+01 2.015999999999999659e+02 1.079999999999999858e+02 7.200000000000000000e+01 7.537438753038974149e-01
5.000000000000000000e+01 1.760000000000000142e+01 7.040000000000000568e+01 1.320000000000000000e+02 8.800000000000000000e+01 1.618001152087051864e-01
5.100000000000000000e+01 4.319999999999999574e+01 2.303999999999999773e+02 1.079999999999999858e+02 7.200000000000000000e+01 1.104553954171825225e-01
5.100000000000000000e+01 5.279999999999999716e+01 7.039999999999999147e+01 1.319999999999999716e+02 8.799999999999998579e+01 7.904411412341327825e-01
5.100000000000000000e+01 2.079999999999999716e+01 2.079999999999999716e+02 1.559999999999999716e+02 1.039999999999999858e+02 3.096984843347412308e-01
5.200000000000000000e+01 0.000000000000000000e+00 1.232000000000000171e+02 1.320000000000000000e+02 8.800000000000000000e+01 8.054039408388171672e-01
5.300000000000000000e+01 0.000000000000000000e+00 7.360000000000000853e+01 2.760000000000000568e+02 1.840000000000000284e+02 7.967212855777234815e-01
5.400000000000000000e+01 7.200000000000000000e+01 1.583999999999999773e+02 1.079999999999999858e+02 7.200000000000000000e+01 1.558254563508201684e+00
5.500000000000000000e+01 4.000000000000000000e+01 1.400000000000000000e+02 1.500000000000000000e+02 1.000000000000000000e+02 3.914319790005467148e-01
5.600000000000000000e+01 3.200000000000000000e+01 1.920000000000000000e+02 1.200000000000000000e+02 8.000000000000000000e+01 8.730517490601874542e-02
5.700000000000000000e+01 0.000000000000000000e+00 8.960000000000000853e+01 1.680000000000000284e+02 1.120000000000000142e+02 1.272591468448800889e+00
5.800000000000000000e+01 4.479999999999999716e+01 2.575999999999999659e+02 8.400000000000000000e+01 5.600000000000000000e+01 7.140107327941813686e-02
5.800000000000000000e+01 2.559999999999999787e+01 3.455999999999999659e+02 9.599999999999998579e+01 6.399999999999999289e+01 5.609785823874857691e-02
5.800000000000000000e+01 1.439999999999999858e+01 2.879999999999999716e+01 1.079999999999999858e+02 7.200000000000000000e+01 1.851970037295029847e-01
5.800000000000000000e+01 2.879999999999999716e+01 1.440000000000000000e+02 1.079999999999999858e+02 7.200000000000000000e+01 5.016196121235423355e-01
5.900000000000000000e+01 2.560000000000000142e+01 1.792000000000000171e+02 9.600000000000000000e+01 6.400000000000000000e+01 1.017845420839452064e+00
6.000000000000000000e+01 7.680000000000001137e+01 1.792000000000000171e+02 9.600000000000000000e+01 6.400000000000000000e+01 7.863166395967620126e-01
6.100000000000000000e+01 0.000000000000000000e+00 4.160000000000000853e+01 3.120000000000000568e+02 2.080000000000000568e+02 4.144419916808503856e-01
6.200000000000000000e+01 4.480000000000000426e+01 8.960000000000000853e+01 1.680000000000000284e+02 1.120000000000000142e+02 2.789174812676868953e-01
6.300000000000000000e+01 2.240000000000000213e+01 4.480000000000000426e+01 1.680000000000000284e+02 1.120000000000000142e+02 7.972561020536184095e-01
6.300000000000000000e+01 2.240000000000000213e+01 2.016000000000000227e+02 1.680000000000000284e+02 1.120000000000000142e+02 4.241910989495734086e-01
6.300000000000000000e+01 2.464000000000000341e+02 2.240000000000000213e+01 1.680000000000000284e+02 1.120000000000000142e+02 4.734008971276542077e-01
6.300000000000000000e+01 2.464000000000000341e+02 2.016000000000000227e+02 1.680000000000000284e+02 1.120000000000000142e+02 1.020139256015553997e+00
6.400000000000000000e+01 1.152000000000000028e+02 1.536000000000000227e+02 9.600000000000000000e+01 6.400000000000000000e+01 1.517494901798657203e-01
6.500000000000000000e+01 3.200000000000000000e+01 6.400000000000000000e+01 2.400000000000000000e+02 1.600000000000000000e+02 9.418043541859146828e-01
6.600000000000000000e+01 6.720000000000000284e+01 8.960000000000000853e+01 1.680000000000000284e+02 1.120000000000000142e+02 1.045509796494061838e-01
6.700000000000000000e+01 2.800000000000000000e+01 2.520000000000000000e+02 2.100000000000000000e+02 1.400000000000000000e+02 3.732744610511020689e-01
6.700000000000000000e+01 5.600000000000000000e+01 2.800000000000000000e+01 2.100000000000000000e+02 1.400000000000000000e+02 2.391148189908807176e-01
6.900000000000000000e+01 1.439999999999999858e+01 5.759999999999999432e+01 1.079999999999999858e+02 7.200000000000000000e+01 1.135422288250254041e-03
6.900000000000000000e+01 2.879999999999999716e+01 3.023999999999999773e+02 1.079999999999999858e+02 7.200000000000000000e+01 1.005599309094685090e+00
7.000000000000000000e+01 4.479999999999999716e+01 2.351999999999999886e+02 8.400000000000000000e+01 5.600000000000000000e+01 3.034121689719682102e-02
7.200000000000000000e+01 5.440000000000000568e+01 1.360000000000000000e+02 2.040000000000000284e+02 1.360000000000000000e+02 1.057457313281173761e-01
7.300000000000000000e+01 5.280000000000000426e+01 1.408000000000000114e+02 1.320000000000000000e+02 8.800000000000000000e+01 2.626685910039618932e-01
7.600000000000000000e+01 2.240000000000000213e+01 1.120000000000000142e+02 1.680000000000000284e+02 1.120000000000000142e+02 7.141272822103430507e-01
7.700000000000000000e+01 9.600000000000000000e+01 1.680000000000000000e+02 6.000000000000000000e+01 4.000000000000000000e+01 3.154470799545454618e-01
7.700000000000000000e+01 1.119999999999999929e+01 5.600000000000000000e+01 8.400000000000000000e+01 5.600000000000000000e+01 9.201627782908694542e-02
7.700000000000000000e+01 4.479999999999999716e+01 2.575999999999999659e+02 8.400000000000000000e+01 5.600000000000000000e+01 1.029257382321357994e+00
7.800000000000000000e+01 0.000000000000000000e+00 1.120000000000000142e+02 1.680000000000000284e+02 1.120000000000000142e+02 5.856812605305838915e-02
8.000000000000000000e+01 8.159999999999999432e+01 2.175999999999999659e+02 2.039999999999999716e+02 1.359999999999999716e+02 2.592880508977262188e-01
8.100000000000000000e+01 0.000000000000000000e+00 9.280000000000001137e+01 3.480000000000000568e+02 2.320000000000000284e+02 2.155083990062736099e-01
8.200000000000000000e+01 0.000000000000000000e+00 0.000000000000000000e+00 3.840000000000000000e+02 2.560000000000000000e+02 2.614635780395602183e-01
8.400000000000000000e+01 4.800000000000000000e+01 2.520000000000000000e+02 9.000000000000000000e+01 6.000000000000000000e+01 4.222546690842174932e-01
8.400000000000000000e+01 0.000000000000000000e+00 9.600000000000000000e+01 1.200000000000000000e+02 8.000000000000000000e+01 2.924744202028235485e-01
8.500000000000000000e+01 8.400000000000000000e+01 5.600000000000000000e+01 2.100000000000000000e+02 1.400000000000000000e+02 1.268042368167447975e-01
8.600000000000000000e+01 2.400000000000000000e+01 9.600000000000000000e+01 1.800000000000000000e+02 1.200000000000000000e+02 1.444423218716354373e+00
8.700000000000000000e+01 1.760000000000000142e+01 7.040000000000000568e+01 1.320000000000000000e+02 8.800000000000000000e+01 6.184921076846645605e-01
8.800000000000000000e+01 2.720000000000000284e+01 2.176000000000000227e+02 2.040000000000000284e+02 1.360000000000000000e+02 3.491022237059193678e-02
8.900000000000000000e+01 7.360000000000000853e+01 7.360000000000000853e+01 2.760000000000000568e+02 1.840000000000000284e+02 5.215917545149153511e-01
9.000000000000000000e+01 8.160000000000000853e+01 8.160000000000000853e+01 2.040000000000000284e+02 1.360000000000000000e+02 2.749037073179443347e-01
9.100000000000000000e+01 2.240000000000000213e+01 8.960000000000000853e+01 1.680000000000000284e+02 1.120000000000000142e+02 1.033219429668502443e+00
9.200000000000000000e+01 8.800000000000000000e+01 1.408000000000000114e+02 1.320000000000000000e+02 8.800000000000000000e+01 3.448937065840675942e-01
9.300000000000000000e+01 3.520000000000000284e+01 1.232000000000000171e+02 1.320000000000000000e+02 8.800000000000000000e+01 2.226322748029953669e+00
9.400000000000000000e+01 0.000000000000000000e+00 2.207999999999999829e+02 2.760000000000000000e+02 1.840000000000000000e+02 9.865153614518389347e-01
9.500000000000000000e+01 1.760000000000000142e+01 1.056000000000000085e+02 1.320000000000000000e+02 8.800000000000000000e+01 9.370092008743968748e-02
9.600000000000000000e+01 3.680000000000000426e+01 1.104000000000000057e+02 2.760000000000000568e+02 1.840000000000000284e+02 7.956514577224611529e-01
9.700000000000000000e+01 0.000000000000000000e+00 1.343999999999999773e+02 2.519999999999999432e+02 1.679999999999999716e+02 3.445526961272120658e-01
9.800000000000000000e+01 3.840000000000000568e+01 1.280000000000000000e+02 9.600000000000000000e+01 6.400000000000000000e+01 3.204327572269667357e-01
1.000000000000000000e+02 3.200000000000000000e+01 3.200000000000000000e+01 1.200000000000000000e+02 8.000000000000000000e+01 2.027906857265571183e-02
1.000000000000000000e+02 3.200000000000000000e+01 1.760000000000000000e+02 1.200000000000000000e+02 8.000000000000000000e+01 1.455897419095668610e-01
1.000000000000000000e+02 2.240000000000000000e+02 3.200000000000000000e+01 1.200000000000000000e+02 8.000000000000000000e+01 1.140940758051689485e-01
1.000000000000000000e+02 2.000000000000000000e+01 3.200000000000000000e+02 1.500000000000000000e+02 1.000000000000000000e+02 1.748249150138735164e+00
1.000000000000000000e+02 2.000000000000000000e+02 2.400000000000000000e+02 1.500000000000000000e+02 1.000000000000000000e+02 1.718354567940789224e+00
1.000000000000000000e+02 0.000000000000000000e+00 1.680000000000000000e+02 1.800000000000000000e+02 1.200000000000000000e+02 4.635839556874916667e-01
1.010000000000000000e+02 4.160000000000000853e+01 4.160000000000000853e+01 3.120000000000000568e+02 2.080000000000000568e+02 6.245168475673041897e-01
1.020000000000000000e+02 2.560000000000000142e+01 1.664000000000000057e+02 9.600000000000000000e+01 6.400000000000000000e+01 6.534603935477467651e-02
1.030000000000000000e+02 1.760000000000000142e+01 1.584000000000000057e+02 1.320000000000000000e+02 8.800000000000000000e+01 2.889051458609044332e-01
1.030000000000000000e+02 6.720000000000000284e+01 0.000000000000000000e+00 1.680000000000000284e+02 1.120000000000000142e+02 2.187501444435162590e-01
1.050000000000000000e+02 6.400000000000000000e+01 1.280000000000000000e+02 2.400000000000000000e+02 1.600000000000000000e+02 4.257446776187059356e-01
1.060000000000000000e+02 3.520000000000000284e+01 8.800000000000000000e+01 1.320000000000000000e+02 8.800000000000000000e+01 7.095476200702921510e-01
1.070000000000000000e+02 4.160000000000000853e+01 4.160000000000000853e+01 3.120000000000000568e+02 2.080000000000000568e+02 1.230764578350420635e-01
1.080000000000000000e+02 3.200000000000000000e+01 9.600000000000000000e+01 1.200000000000000000e+02 8.000000000000000000e+01 4.211487043815167475e-01
1.090000000000000000e+02 2.240000000000000213e+01 8.960000000000000853e+01 1.680000000000000284e+02 1.120000000000000142e+02 3.274137472608451560e-02
1.100000000000000000e+02 2.720000000000000284e+01 5.440000000000000568e+01 2.040000000000000284e+02 1.360000000000000000e+02 2.610116688175923017e-01
1.110000000000000000e+02 2.719999999999999574e+01 5.439999999999999147e+01 2.039999999999999716e+02 1.359999999999999716e+02 1.103857645226431927e+00
1.120000000000000000e+02 4.799999999999999289e+01 7.199999999999998579e+01 1.799999999999999716e+02 1.199999999999999858e+02 1.965202074186267467e-02
1.130000000000000000e+02 1.760000000000000142e+01 1.232000000000000171e+02 1.320000000000000000e+02 8.800000000000000000e+01 1.143937171139875808e+00
1.140000000000000000e+02 1.760000000000000142e+01 1.936000000000000227e+02 1.320000000000000000e+02 8.800000000000000000e+01 7.184560198980092238e-01
1.160000000000000000e+02 8.960000000000000853e+01 2.176000000000000227e+02 9.600000000000000000e+01 6.400000000000000000e+01 7.288203991286303918e-01
1.160000000000000000e+02 0.000000000000000000e+00 1.760000000000000142e+01 1.320000000000000000e+02 8.800000000000000000e+01 9.184819783667421689e-01
1.170000000000000000e+02 3.600000000000000000e+01 3.600000000000000000e+01 2.700000000000000000e+02 1.800000000000000000e+02 4.595471895162894782e-01
1.180000000000000000e+02 1.760000000000000142e+01 1.056000000000000085e+02 1.320000000000000000e+02 8.800000000000000000e+01 4.506962340784843590e-01
1.200000000000000000e+02 4.319999999999999574e+01 1.871999999999999886e+02 1.079999999999999858e+02 7.200000000000000000e+01 2.451267863575727901e-01
1.210000000000000000e+02 0.000000000000000000e+00 1.344000000000000057e+02 1.680000000000000284e+02 1.120000000000000142e+02 1.377436702039570360e+00
1.220000000000000000e+02 2.560000000000000142e+01 1.152000000000000028e+02 9.600000000000000000e+01 6.400000000000000000e+01 1.165095906110931168e+00
1.230000000000000000e+02 8.960000000000000853e+01 2.016000000000000227e+02 1.680000000000000284e+02 1.120000000000000142e+02 1.628914114046620121e+00
1.240000000000000000e+02 2.240000000000000213e+01 1.120000000000000142e+02 1.680000000000000284e+02 1.120000000000000142e+02 1.578652980156574070e+00
1.250000000000000000e+02 1.280000000000000071e+01 1.024000000000000057e+02 9.600000000000000000e+01 6.400000000000000000e+01 1.756830843949912513e-01
1.260000000000000000e+02 6.400000000000000000e+01 6.400000000000000000e+01 2.400000000000000000e+02 1.600000000000000000e+02 3.852967529516044820e-01
1.270000000000000000e+02 8.959999999999999432e+01 3.583999999999999773e+02 8.400000000000000000e+01 5.600000000000000000e+01 7.397401854608709471e-01
1.270000000000000000e+02 5.759999999999999432e+01 2.015999999999999659e+02 1.079999999999999858e+02 7.200000000000000000e+01 2.709460095209510477e-01
1.280000000000000000e+02 1.760000000000000142e+01 3.520000000000000284e+01 1.320000000000000000e+02 8.800000000000000000e+01 1.445468135392244946e-01
1.290000000000000000e+02 1.760000000000000142e+01 2.992000000000000455e+02 1.320000000000000000e+02 8.800000000000000000e+01 1.325448909106119899e+00
1.290000000000000000e+02 0.000000000000000000e+00 6.000000000000000000e+01 1.500000000000000000e+02 1.000000000000000000e+02 1.322155442743233600e-01
1.300000000000000000e+02 2.240000000000000213e+01 2.688000000000000114e+02 1.680000000000000284e+02 1.120000000000000142e+02 2.298316359565415468e-01
1.320000000000000000e+02 3.840000000000000568e+01 8.960000000000000853e+01 9.600000000000000000e+01 6.400000000000000000e+01 3.363995753065380789e-01
1.320000000000000000e+02 1.760000000000000142e+01 1.936000000000000227e+02 1.320000000000000000e+02 8.800000000000000000e+01 4.976266285521213639e-02
1.330000000000000000e+02 5.120000000000000284e+01 1.280000000000000000e+02 9.600000000000000000e+01 6.400000000000000000e+01 3.306976279870355029e-01
1.330000000000000000e+02 5.280000000000000426e+01 2.288000000000000114e+02 1.320000000000000000e+02 8.800000000000000000e+01 2.674808811401674369e-01
1.340000000000000000e+02 3.200000000000000000e+01 6.400000000000000000e+01 2.400000000000000000e+02 1.600000000000000000e+02 1.091486307412706136e+00
1.350000000000000000e+02 7.360000000000000853e+01 7.360000000000000853e+01 2.760000000000000568e+02 1.840000000000000284e+02 6.794427330295520484e-01
1.400000000000000000e+02 1.600000000000000000e+01 1.280000000000000000e+02 1.200000000000000000e+02 8.000000000000000000e+01 1.847533955795763738e-01
1.400000000000000000e+02 1.600000000000000000e+01 2.560000000000000000e+02 1.200000000000000000e+02 8.000000000000000000e+01 3.917777833647591024e-01
1.410000000000000000e+02 2.719999999999999574e+01 1.631999999999999886e+02 2.039999999999999716e+02 1.359999999999999716e+02 3.209763117445167957e-01
1.420000000000000000e+02 2.720000000000000284e+01 1.088000000000000114e+02 2.040000000000000284e+02 1.360000000000000000e+02 2.443161683042904819e-01
1.430000000000000000e+02 4.640000000000000568e+01 0.000000000000000000e+00 3.480000000000000568e+02 2.320000000000000284e+02 3.890132575851943386e-01
1.440000000000000000e+02 3.200000000000000000e+02 1.280000000000000000e+02 6.000000000000000000e+01 4.000000000000000000e+01 7.549313719611236984e-01
1.440000000000000000e+02 2.944000000000000341e+02 1.152000000000000028e+02 9.600000000000000000e+01 6.400000000000000000e+01 2.523852159603396927e-01
1.440000000000000000e+02 0.000000000000000000e+00 8.960000000000000853e+01 1.680000000000000284e+02 1.120000000000000142e+02 1.968266958077816042e+00
1.460000000000000000e+02 4.000000000000000000e+01 2.000000000000000000e+02 1.500000000000000000e+02 1.000000000000000000e+02 3.231182552124503005e-01
1.480000000000000000e+02 6.720000000000000284e+01 1.568000000000000114e+02 1.680000000000000284e+02 1.120000000000000142e+02 1.326955983520163862e-01
1.490000000000000000e+02 3.200000000000000000e+01 2.720000000000000000e+02 1.200000000000000000e+02 8.000000000000000000e+01 6.978461172676064805e-01
1.500000000000000000e+02 2.560000000000000142e+01 1.152000000000000028e+02 9.600000000000000000e+01 6.400000000000000000e+01 7.013528776285982147e-01
1.510000000000000000e+02 4.160000000000000853e+01 4.160000000000000853e+01 3.120000000000000568e+02 2.080000000000000568e+02 8.207345212309098414e-01
1.520000000000000000e+02 3.200000000000000000e+01 9.600000000000000000e+01 1.200000000000000000e+02 8.000000000000000000e+01 9.666464320959811118e-02
1.530000000000000000e+02 1.088000000000000114e+02 1.632000000000000171e+02 2.040000000000000284e+02 1.360000000000000000e+02 4.777278070567776425e-01
1.550000000000000000e+02 1.760000000000000142e+01 1.056000000000000085e+02 1.320000000000000000e+02 8.800000000000000000e+01 2.039364713605511525e-01
1.560000000000000000e+02 3.600000000000000000e+01 2.880000000000000000e+02 9.000000000000000000e+01 6.000000000000000000e+01 5.748073448362203131e-01
1.560000000000000000e+02 4.800000000000000000e+01 8.000000000000000000e+01 1.200000000000000000e+02 8.000000000000000000e+01 1.893610275122230568e-01
1.570000000000000000e+02 1.360000000000000000e+02 5.440000000000000568e+01 2.040000000000000284e+02 1.360000000000000000e+02 4.289723334443427127e-01
1.580000000000000000e+02 0.000000000000000000e+00 7.360000000000000853e+01 2.760000000000000568e+02 1.840000000000000284e+02 3.973686532967737328e-01
1.590000000000000000e+02 0.000000000000000000e+00 6.400000000000000000e+01 2.400000000000000000e+02 1.600000000000000000e+02 2.178912153332985824e-01
1.600000000000000000e+02 3.680000000000000426e+01 3.680000000000000426e+01 2.760000000000000568e+02 1.840000000000000284e+02 5.879258089650023500e-01
1.610000000000000000e+02 0.000000000000000000e+00 1.679999999999999716e+02 1.799999999999999716e+02 1.199999999999999858e+02 7.069199435447437452e-02
1.620000000000000000e+02 0.000000000000000000e+00 1.631999999999999886e+02 2.039999999999999716e+02 1.359999999999999716e+02 1.853303418049647711e-01
1.630000000000000000e+02 2.000000000000000000e+01 2.200000000000000000e+02 1.500000000000000000e+02 1.000000000000000000e+02 2.907275275710836659e-01
1.640000000000000000e+02 0.000000000000000000e+00 1.600000000000000000e+02 1.500000000000000000e+02 1.000000000000000000e+02 2.873643608520448645e-01
1.650000000000000000e+02 1.344000000000000057e+02 8.960000000000000853e+01 1.680000000000000284e+02 1.120000000000000142e+02 1.345508922024252207e+00
1.660000000000000000e+02 1.760000000000000142e+01 1.584000000000000057e+02 1.320000000000000000e+02 8.800000000000000000e+01 2.625902983094414722e-01
1.670000000000000000e+02 5.279999999999999716e+01 3.519999999999999574e+01 1.319999999999999716e+02 8.799999999999998579e+01 6.664620013758573158e-01
1.680000000000000000e+02 0.000000000000000000e+00 2.000000000000000000e+02 1.500000000000000000e+02 1.000000000000000000e+02 6.922035182061629932e-01
1.720000000000000000e+02 3.359999999999999432e+01 6.719999999999998863e+01 2.519999999999999432e+02 1.679999999999999716e+02 7.280444652499582503e-01
1.740000000000000000e+02 7.360000000000000853e+01 3.680000000000000426e+01 2.760000000000000568e+02 1.840000000000000284e+02 7.962221026117553002e-01
1.760000000000000000e+02 8.960000000000000853e+01 1.120000000000000142e+02 1.680000000000000284e+02 1.120000000000000142e+02 1.644405166602247448e-02
1.770000000000000000e+02 2.560000000000000142e+01 1.920000000000000000e+02 9.600000000000000000e+01 6.400000000000000000e+01 4.356926422976759028e-02
1.770000000000000000e+02 2.560000000000000142e+01 3.200000000000000000e+02 9.600000000000000000e+01 6.400000000000000000e+01 9.257402887484764697e-01
1.770000000000000000e+02 4.560000000000000142e+01 6.080000000000000426e+01 1.140000000000000142e+02 7.600000000000000000e+01 7.340883847436754372e-01
1.780000000000000000e+02 4.799999999999999289e+01 1.679999999999999716e+02 1.799999999999999716e+02 1.199999999999999858e+02 2.909636975559646288e-01
1.790000000000000000e+02 6.400000000000000000e+01 9.600000000000000000e+01 2.400000000000000000e+02 1.600000000000000000e+02 1.384154869489040429e-01
1.810000000000000000e+02 1.280000000000000071e+01 2.048000000000000114e+02 9.600000000000000000e+01 6.400000000000000000e+01 6.205286935783211888e-01
1.820000000000000000e+02 4.000000000000000000e+01 4.000000000000000000e+01 3.000000000000000000e+02 2.000000000000000000e+02 7.812127184339683339e-01
1.830000000000000000e+02 1.760000000000000142e+01 7.040000000000000568e+01 1.320000000000000000e+02 8.800000000000000000e+01 6.301187892695825354e-01
1.850000000000000000e+02 0.000000000000000000e+00 3.200000000000000000e+01 2.400000000000000000e+02 1.600000000000000000e+02 9.110938473063141529e-01
1.870000000000000000e+02 1.408000000000000114e+02 7.040000000000000568e+01 1.320000000000000000e+02 8.800000000000000000e+01 4.240395436393096240e-01
1.880000000000000000e+02 1.760000000000000142e+01 1.760000000000000000e+02 1.320000000000000000e+02 8.800000000000000000e+01 1.002114183734754693e+00
1.890000000000000000e+02 4.000000000000000000e+01 1.000000000000000000e+02 1.500000000000000000e+02 1.000000000000000000e+02 7.442028280161863130e-01
1.900000000000000000e+02 4.000000000000000000e+01 8.000000000000000000e+01 1.500000000000000000e+02 1.000000000000000000e+02 5.636387626208936297e-01
1.910000000000000000e+02 1.760000000000000142e+01 7.040000000000000568e+01 1.320000000000000000e+02 8.800000000000000000e+01 1.094168877993764610e+00
1.930000000000000000e+02 0.000000000000000000e+00 2.719999999999999432e+02 2.039999999999999716e+02 1.359999999999999716e+02 4.410738595983820787e-01
1.930000000000000000e+02 0.000000000000000000e+00 3.039999999999999503e+01 2.279999999999999716e+02 1.519999999999999716e+02 2.466159800621556819e-01
1.940000000000000000e+02 0.000000000000000000e+00 1.568000000000000114e+02 1.680000000000000284e+02 1.120000000000000142e+02 3.978443053465441359e-02
1.960000000000000000e+02 3.520000000000000284e+01 1.408000000000000114e+02 1.320000000000000000e+02 8.800000000000000000e+01 1.299419553485321011e+00
1.970000000000000000e+02 1.439999999999999858e+01 1.007999999999999829e+02 1.079999999999999858e+02 7.200000000000000000e+01 3.242060208521988507e-01
1.980000000000000000e+02 1.600000000000000000e+01 4.800000000000000000e+01 6.000000000000000000e+01 4.000000000000000000e+01 1.700658279916078541e-02
1.980000000000000000e+02 4.480000000000000426e+01 2.016000000000000227e+02 1.680000000000000284e+02 1.120000000000000142e+02 2.306878363663646958e-01
2.000000000000000000e+02 3.200000000000000000e+01 4.800000000000000000e+01 1.200000000000000000e+02 8.000000000000000000e+01 3.438261686751626911e-01
2.010000000000000000e+02 1.600000000000000000e+01 9.600000000000000000e+01 1.200000000000000000e+02 8.000000000000000000e+01 6.601780280217934838e-01
2.020000000000000000e+02 1.632000000000000171e+02 1.088000000000000114e+02 2.040000000000000284e+02 1.360000000000000000e+02 1.025551328339555646e-01
2.030000000000000000e+02 2.240000000000000213e+01 1.568000000000000114e+02 1.680000000000000284e+02 1.120000000000000142e+02 4.337929926265715608e-01
2.050000000000000000e+02 7.040000000000000568e+01 1.760000000000000000e+02 1.320000000000000000e+02 8.800000000000000000e+01 4.409310021922188128e-01
2.060000000000000000e+02 0.000000000000000000e+00 1.104000000000000057e+02 2.760000000000000568e+02 1.840000000000000284e+02 5.764460979426737630e-01
2.070000000000000000e+02 2.879999999999999716e+01 2.303999999999999773e+02 1.079999999999999858e+02 7.200000000000000000e+01 5.899028189808008804e-02
2.070000000000000000e+02 1.151999999999999886e+02 7.200000000000000000e+01 1.079999999999999858e+02 7.200000000000000000e+01 1.052289908472148205e-02
2.080000000000000000e+02 2.112000000000000171e+02 8.800000000000000000e+01 1.320000000000000000e+02 8.800000000000000000e+01 1.748061029994407711e-01
2.090000000000000000e+02 2.720000000000000284e+01 8.160000000000000853e+01 2.040000000000000284e+02 1.360000000000000000e+02 2.176860939246827442e-01
2.100000000000000000e+02 0.000000000000000000e+00 7.360000000000000853e+01 2.760000000000000568e+02 1.840000000000000284e+02 6.939694932718922793e-01
2.110000000000000000e+02 3.519999999999999574e+01 2.815999999999999659e+02 1.319999999999999716e+02 8.799999999999998579e+01 1.571768132870237089e-01
2.120000000000000000e+02 1.760000000000000142e+01 1.408000000000000114e+02 1.320000000000000000e+02 8.800000000000000000e+01 1.495532945044304896e+00
2.130000000000000000e+02 1.760000000000000142e+01 1.232000000000000171e+02 1.320000000000000000e+02 8.800000000000000000e+01 4.021947890005517223e-01
2.140000000000000000e+02 4.160000000000000853e+01 8.320000000000001705e+01 3.120000000000000568e+02 2.080000000000000568e+02 1.055216904008813295e-01
2.150000000000000000e+02 3.680000000000000426e+01 7.360000000000000853e+01 2.760000000000000568e+02 1.840000000000000284e+02 3.785087040514305556e-01
2.170000000000000000e+02 4.480000000000000426e+01 1.120000000000000142e+02 1.680000000000000284e+02 1.120000000000000142e+02 2.078930097634561491e-01
2.180000000000000000e+02 6.000000000000000000e+01 8.400000000000000000e+01 9.000000000000000000e+01 6.000000000000000000e+01 1.685859327024088472e-01
2.180000000000000000e+02 6.000000000000000000e+01 2.280000000000000000e+02 9.000000000000000000e+01 6.000000000000000000e+01 6.638926835664933357e-01
2.180000000000000000e+02 2.000000000000000000e+01 6.000000000000000000e+01 1.500000000000000000e+02 1.000000000000000000e+02 1.139833148751834280e-01
2.200000000000000000e+02 2.240000000000000213e+01 1.120000000000000142e+02 1.680000000000000284e+02 1.120000000000000142e+02 1.183942783804317056e+00
2.210000000000000000e+02 2.720000000000000284e+01 8.160000000000000853e+01 2.040000000000000284e+02 1.360000000000000000e+02 5.295187538206569400e-02
2.220000000000000000e+02 3.200000000000000000e+01 3.200000000000000000e+01 2.400000000000000000e+02 1.600000000000000000e+02 3.534998882917910201e-01
2.230000000000000000e+02 2.560000000000000142e+01 1.024000000000000057e+02 9.600000000000000000e+01 6.400000000000000000e+01 6.164503146121478316e-01
2.240000000000000000e+02 0.000000000000000000e+00 4.160000000000000853e+01 3.120000000000000568e+02 2.080000000000000568e+02 2.668554896296049250e-02
2.260000000000000000e+02 4.160000000000000853e+01 4.160000000000000853e+01 3.120000000000000568e+02 2.080000000000000568e+02 4.252800090995179083e-01
2.270000000000000000e+02 0.000000000000000000e+00 4.640000000000000568e+01 3.480000000000000568e+02 2.320000000000000284e+02 7.380805840442761223e-03
2.280000000000000000e+02 7.040000000000000568e+01 1.232000000000000171e+02 1.320000000000000000e+02 8.800000000000000000e+01 1.245975323129859813e+00
2.290000000000000000e+02 8.160000000000000853e+01 5.440000000000000568e+01 2.040000000000000284e+02 1.360000000000000000e+02 4.665615527106958815e-02
2.300000000000000000e+02 0.000000000000000000e+00 4.160000000000000853e+01 3.120000000000000568e+02 2.080000000000000568e+02 7.638449457698244238e-01
2.310000000000000000e+02 1.760000000000000142e+01 7.040000000000000568e+01 1.320000000000000000e+02 8.800000000000000000e+01 3.576556704918480989e-01
2.320000000000000000e+02 0.000000000000000000e+00 1.360000000000000000e+02 2.040000000000000284e+02 1.360000000000000000e+02 1.202379278867569123e+00
2.330000000000000000e+02 3.200000000000000000e+01 6.400000000000000000e+01 2.400000000000000000e+02 1.600000000000000000e+02 2.668793286949080468e-01
2.340000000000000000e+02 5.440000000000000568e+01 1.088000000000000114e+02 2.040000000000000284e+02 1.360000000000000000e+02 5.277689377004075588e-01
2.350000000000000000e+02 0.000000000000000000e+00 2.591999999999999886e+02 1.079999999999999858e+02 7.200000000000000000e+01 6.299267192453221753e-01
2.360000000000000000e+02 5.440000000000000568e+01 8.160000000000000853e+01 2.040000000000000284e+02 1.360000000000000000e+02 4.693498876644444096e-01
2.370000000000000000e+02 1.760000000000000142e+01 1.408000000000000114e+02 1.320000000000000000e+02 8.800000000000000000e+01 2.439469551447386308e-01
2.380000000000000000e+02 8.160000000000000853e+01 8.160000000000000853e+01 2.040000000000000284e+02 1.360000000000000000e+02 1.503931574562993312e-01
2.390000000000000000e+02 7.200000000000000000e+01 1.440000000000000000e+02 9.000000000000000000e+01 6.000000000000000000e+01 1.027266481000513210e+00
2.390000000000000000e+02 0.000000000000000000e+00 2.880000000000000000e+02 1.200000000000000000e+02 8.000000000000000000e+01 4.917817722271502490e-01
2.400000000000000000e+02 0.000000000000000000e+00 6.400000000000000000e+01 2.400000000000000000e+02 1.600000000000000000e+02 6.975263118022878572e-02
2.410000000000000000e+02 2.112000000000000171e+02 1.232000000000000171e+02 1.320000000000000000e+02 8.800000000000000000e+01 1.673459032875494579e+00
2.420000000000000000e+02 1.760000000000000142e+01 1.232000000000000171e+02 1.320000000000000000e+02 8.800000000000000000e+01 5.849846604139066208e-01
2.430000000000000000e+02 4.160000000000000142e+01 6.240000000000000568e+01 7.800000000000000000e+01 5.200000000000000000e+01 1.009677446896250608e+00
2.430000000000000000e+02 1.280000000000000071e+01 2.560000000000000000e+02 9.600000000000000000e+01 6.400000000000000000e+01 3.445818242221938554e-01
2.440000000000000000e+02 4.160000000000000853e+01 4.160000000000000853e+01 3.120000000000000568e+02 2.080000000000000568e+02 9.483761062227493710e-01
2.460000000000000000e+02 5.759999999999999432e+01 1.871999999999999886e+02 1.079999999999999858e+02 7.200000000000000000e+01 5.055572580417622142e-02
2.480000000000000000e+02 1.520000000000000107e+01 4.560000000000000142e+01 1.140000000000000142e+02 7.600000000000000000e+01 9.280702385470185334e-04
2.490000000000000000e+02 1.439999999999999858e+01 2.015999999999999659e+02 1.079999999999999858e+02 7.200000000000000000e+01 1.428538587658445991e+00
2.490000000000000000e+02 7.200000000000000000e+01 4.319999999999999574e+01 1.079999999999999858e+02 7.200000000000000000e+01 1.617998965240223797e-01
2.490000000000000000e+02 8.799999999999998579e+01 3.167999999999999545e+02 1.319999999999999716e+02 8.799999999999998579e+01 1.080817471451691603e-01
2.500000000000000000e+02 1.439999999999999858e+01 8.639999999999999147e+01 1.079999999999999858e+02 7.200000000000000000e+01 1.621005777849910956e-01
2.500000000000000000e+02 4.319999999999999574e+01 2.880000000000000000e+02 1.079999999999999858e+02 7.200000000000000000e+01 7.050587335668843103e-01
2.520000000000000000e+02 1.792000000000000171e+02 1.408000000000000114e+02 9.600000000000000000e+01 6.400000000000000000e+01 6.056102582689537606e-02
2.530000000000000000e+02 0.000000000000000000e+00 2.207999999999999829e+02 2.760000000000000000e+02 1.840000000000000000e+02 1.226708182063158681e-01
2.540000000000000000e+02 8.800000000000000000e+01 1.408000000000000114e+02 1.320000000000000000e+02 8.800000000000000000e+01 3.534072412893571880e-01
2.550000000000000000e+02 3.600000000000000000e+01 1.200000000000000000e+02 9.000000000000000000e+01 6.000000000000000000e+01 1.138879481868531052e-01
2.570000000000000000e+02 4.000000000000000000e+01 1.200000000000000000e+02 1.500000000000000000e+02 1.000000000000000000e+02 2.484880658042656343e-01
2.580000000000000000e+02 0.000000000000000000e+00 8.639999999999999147e+01 1.079999999999999858e+02 7.200000000000000000e+01 1.556521815780277151e+00
2.590000000000000000e+02 0.000000000000000000e+00 2.079999999999999716e+02 1.559999999999999716e+02 1.039999999999999858e+02 7.814932464893509234e-04
2.600000000000000000e+02 0.000000000000000000e+00 5.120000000000000284e+01 3.840000000000000000e+02 2.560000000000000000e+02 2.179102482936818852e-01
2.610000000000000000e+02 4.319999999999999574e+01 1.583999999999999773e+02 1.079999999999999858e+02 7.200000000000000000e+01 1.977537977538319502e-01
2.620000000000000000e+02 4.160000000000000853e+01 4.160000000000000853e+01 3.120000000000000568e+02 2.080000000000000568e+02 1.980366877128787451e-01
2.630000000000000000e+02 3.680000000000000426e+01 7.360000000000000853e+01 2.760000000000000568e+02 1.840000000000000284e+02 1.206335357704388489e+00
2.640000000000000000e+02 7.839999999999999147e+01 6.719999999999998863e+01 8.400000000000000000e+01 5.600000000000000000e+01 4.732950941494524777e-01
2.640000000000000000e+02 0.000000000000000000e+00 2.287999999999999545e+02 1.559999999999999716e+02 1.039999999999999858e+02 9.759556970297378342e-02
2.650000000000000000e+02 1.007999999999999972e+02 2.911999999999999886e+02 8.400000000000000000e+01 5.600000000000000000e+01 7.293664964711923382e-01
2.650000000000000000e+02 7.200000000000000000e+01 1.295999999999999943e+02 1.079999999999999858e+02 7.200000000000000000e+01 5.366815948768621780e-01
2.660000000000000000e+02 2.720000000000000284e+01 8.160000000000000853e+01 2.040000000000000284e+02 1.360000000000000000e+02 1.469370266749784548e+00
2.670000000000000000e+02 8.160000000000000853e+01 8.160000000000000853e+01 2.040000000000000284e+02 1.360000000000000000e+02 2.020800099784660908e-01
2.680000000000000000e+02 7.360000000000000853e+01 3.680000000000000426e+01 2.760000000000000568e+02 1.840000000000000284e+02 5.984441947236396331e-02
2.690000000000000000e+02 0.000000000000000000e+00 8.960000000000000853e+01 1.680000000000000284e+02 1.120000000000000142e+02 6.246468118212025189e-01
2.700000000000000000e+02 2.719999999999999574e+01 5.439999999999999147e+01 2.039999999999999716e+02 1.359999999999999716e+02 2.306900488423435647e-02
2.700000000000000000e+02 3.039999999999999503e+01 2.431999999999999602e+02 2.279999999999999716e+02 1.519999999999999716e+02 2.941373263488866741e-01
2.710000000000000000e+02 5.280000000000000426e+01 1.232000000000000171e+02 1.320000000000000000e+02 8.800000000000000000e+01 1.261153969182631229e-01
2.720000000000000000e+02 3.520000000000000284e+01 1.232000000000000171e+02 1.320000000000000000e+02 8.800000000000000000e+01 6.423512717417438900e-01
2.740000000000000000e+02 7.200000000000000000e+01 1.320000000000000000e+02 9.000000000000000000e+01 6.000000000000000000e+01 6.030375696346790271e-01
2.750000000000000000e+02 0.000000000000000000e+00 8.639999999999999147e+01 1.079999999999999858e+02 7.200000000000000000e+01 3.601078112942679432e-01
2.750000000000000000e+02 1.759999999999999787e+01 3.167999999999999545e+02 1.319999999999999716e+02 8.799999999999998579e+01 8.012160955555329700e-01
2.760000000000000000e+02 0.000000000000000000e+00 1.280000000000000000e+02 1.200000000000000000e+02 8.000000000000000000e+01 1.851026550306258400e-01
2.770000000000000000e+02 1.119999999999999929e+01 8.959999999999999432e+01 8.400000000000000000e+01 5.600000000000000000e+01 1.871253508968435675e-01
2.770000000000000000e+02 5.600000000000000000e+01 3.023999999999999773e+02 8.400000000000000000e+01 5.600000000000000000e+01 6.857149511965401345e-01
2.780000000000000000e+02 8.160000000000000853e+01 1.088000000000000114e+02 2.040000000000000284e+02 1.360000000000000000e+02 4.232503033929257974e-01
2.790000000000000000e+02 1.408000000000000114e+02 1.536000000000000227e+02 9.600000000000000000e+01 6.400000000000000000e+01 6.122567096776609930e-01
2.800000000000000000e+02 3.520000000000000284e+01 1.936000000000000227e+02 1.320000000000000000e+02 8.800000000000000000e+01 1.296717659438164638e-01
2.810000000000000000e+02 2.719999999999999574e+01 2.719999999999999574e+01 2.039999999999999716e+02 1.359999999999999716e+02 9.565256339086225523e-02
2.830000000000000000e+02 4.480000000000000426e+01 1.344000000000000057e+02 1.680000000000000284e+02 1.120000000000000142e+02 5.683008049511126814e-01
2.840000000000000000e+02 3.200000000000000000e+01 6.400000000000000000e+01 2.400000000000000000e+02 1.600000000000000000e+02 6.732251789775500761e-02
2.850000000000000000e+02 0.000000000000000000e+00 1.439999999999999716e+02 1.799999999999999716e+02 1.199999999999999858e+02 1.130676922690558861e-01
2.860000000000000000e+02 1.007999999999999829e+02 8.639999999999999147e+01 1.079999999999999858e+02 7.200000000000000000e+01 2.541912472229057585e-02
2.860000000000000000e+02 4.799999999999999289e+01 2.159999999999999716e+02 1.799999999999999716e+02 1.199999999999999858e+02 2.053865888187442756e-01
2.870000000000000000e+02 3.519999999999999574e+01 1.055999999999999943e+02 1.319999999999999716e+02 8.799999999999998579e+01 9.799848295106614593e-01
2.880000000000000000e+02 0.000000000000000000e+00 8.960000000000000853e+01 9.600000000000000000e+01 6.400000000000000000e+01 5.499160140882186631e-01
2.890000000000000000e+02 5.759999999999999432e+01 1.583999999999999773e+02 1.079999999999999858e+02 7.200000000000000000e+01 1.750897487488285442e-01
2.890000000000000000e+02 8.639999999999999147e+01 2.879999999999999716e+01 1.079999999999999858e+02 7.200000000000000000e+01 1.145077391213467521e+00
2.890000000000000000e+02 5.279999999999999716e+01 3.519999999999999432e+02 1.319999999999999716e+02 8.799999999999998579e+01 4.176983339775919291e-02
2.910000000000000000e+02 1.119999999999999929e+01 6.719999999999998863e+01 8.400000000000000000e+01 5.600000000000000000e+01 5.388046613903956228e-01
2.910000000000000000e+02 2.239999999999999858e+01 3.023999999999999773e+02 8.400000000000000000e+01 5.600000000000000000e+01 2.184689256978242788e-01
2.920000000000000000e+02 2.879999999999999716e+01 1.440000000000000000e+02 1.079999999999999858e+02 7.200000000000000000e+01 3.444356039933880176e-01
2.930000000000000000e+02 6.400000000000000000e+01 6.400000000000000000e+01 2.400000000000000000e+02 1.600000000000000000e+02 1.963568990985820051e-01
2.940000000000000000e+02 0.000000000000000000e+00 9.600000000000000000e+01 2.400000000000000000e+02 1.600000000000000000e+02 9.045201436550658336e-01
2.950000000000000000e+02 0.000000000000000000e+00 2.016000000000000227e+02 1.680000000000000284e+02 1.120000000000000142e+02 7.286835067107944042e-02
2.950000000000000000e+02 2.240000000000000213e+01 2.240000000000000213e+01 1.680000000000000284e+02 1.120000000000000142e+02 2.958595112606232647e-02
2.950000000000000000e+02 2.464000000000000341e+02 2.240000000000000213e+01 1.680000000000000284e+02 1.120000000000000142e+02 1.508503967852874439e-01
2.950000000000000000e+02 2.464000000000000341e+02 2.240000000000000284e+02 1.680000000000000284e+02 1.120000000000000142e+02 8.681767462820726422e-01
2.960000000000000000e+02 1.119999999999999929e+01 2.240000000000000000e+02 8.400000000000000000e+01 5.600000000000000000e+01 7.712005955977176974e-01
2.960000000000000000e+02 5.279999999999999716e+01 7.039999999999999147e+01 1.319999999999999716e+02 8.799999999999998579e+01 1.141327647339664964e-01
2.960000000000000000e+02 0.000000000000000000e+00 3.119999999999999432e+02 1.799999999999999716e+02 1.199999999999999858e+02 1.193048683491362283e-01
2.970000000000000000e+02 1.760000000000000142e+01 1.584000000000000057e+02 1.320000000000000000e+02 8.800000000000000000e+01 1.275534141681458067e-01
2.980000000000000000e+02 1.039999999999999858e+02 4.159999999999999432e+01 1.559999999999999716e+02 1.039999999999999858e+02 4.561878788551592123e-01
2.980000000000000000e+02 2.399999999999999645e+01 2.399999999999999716e+02 1.799999999999999716e+02 1.199999999999999858e+02 1.960156814220312960e-01
2.990000000000000000e+02 0.000000000000000000e+00 8.160000000000000853e+01 2.040000000000000284e+02 1.360000000000000000e+02 1.423573513595015605e-01
3.000000000000000000e+02 6.720000000000000284e+01 1.344000000000000057e+02 1.680000000000000284e+02 1.120000000000000142e+02 2.809937925624930166e-01
3.010000000000000000e+02 7.360000000000000853e+01 1.472000000000000171e+02 2.760000000000000568e+02 1.840000000000000284e+02 1.239768826421805414e+00
3.020000000000000000e+02 2.016000000000000227e+02 1.120000000000000142e+02 1.680000000000000284e+02 1.120000000000000142e+02 8.894158694615006411e-02
3.030000000000000000e+02 0.000000000000000000e+00 8.160000000000000853e+01 2.040000000000000284e+02 1.360000000000000000e+02 4.011776344253967785e-01
3.040000000000000000e+02 3.519999999999999574e+01 8.799999999999998579e+01 1.319999999999999716e+02 8.799999999999998579e+01 2.448450288634274052e-02
3.050000000000000000e+02 2.560000000000000142e+01 1.152000000000000028e+02 9.600000000000000000e+01 6.400000000000000000e+01 7.158838410681074294e-01
3.080000000000000000e+02 1.439999999999999858e+01 1.727999999999999829e+02 1.079999999999999858e+02 7.200000000000000000e+01 1.594734879995875154e+00
3.090000000000000000e+02 1.104000000000000057e+02 3.680000000000000426e+01 2.760000000000000568e+02 1.840000000000000284e+02 5.965427797241269481e-01
3.120000000000000000e+02 1.439999999999999858e+01 2.591999999999999886e+02 1.079999999999999858e+02 7.200000000000000000e+01 1.465448146837360355e+00
3.130000000000000000e+02 2.400000000000000000e+01 1.920000000000000000e+02 1.800000000000000000e+02 1.200000000000000000e+02 9.362497376867207066e-02
3.140000000000000000e+02 5.120000000000000284e+01 7.680000000000001137e+01 9.600000000000000000e+01 6.400000000000000000e+01 1.770398876058836279e-01
3.150000000000000000e+02 0.000000000000000000e+00 8.320000000000001705e+01 3.120000000000000568e+02 2.080000000000000568e+02 1.144150686431178787e+00
3.160000000000000000e+02 4.480000000000000426e+01 8.960000000000000853e+01 1.680000000000000284e+02 1.120000000000000142e+02 1.197070392524373528e+00
3.170000000000000000e+02 2.560000000000000142e+01 1.280000000000000000e+02 9.600000000000000000e+01 6.400000000000000000e+01 1.233194860951842386e+00
3.190000000000000000e+02 1.760000000000000142e+01 1.408000000000000114e+02 1.320000000000000000e+02 8.800000000000000000e+01 1.443770291372564962e+00
3.200000000000000000e+02 3.200000000000000000e+01 6.400000000000000000e+01 2.400000000000000000e+02 1.600000000000000000e+02 1.243970121147857100e+00
3.210000000000000000e+02 3.520000000000000284e+01 1.408000000000000114e+02 1.320000000000000000e+02 8.800000000000000000e+01 1.267925521674810874e-01
3.220000000000000000e+02 0.000000000000000000e+00 4.160000000000000853e+01 3.120000000000000568e+02 2.080000000000000568e+02 2.848664201912689542e-01
3.230000000000000000e+02 0.000000000000000000e+00 3.680000000000000426e+01 2.760000000000000568e+02 1.840000000000000284e+02 1.079392653513586708e+00
3.250000000000000000e+02 3.520000000000000284e+01 1.056000000000000085e+02 1.320000000000000000e+02 8.800000000000000000e+01 4.419139707921262428e-01
3.260000000000000000e+02 3.680000000000000426e+01 7.360000000000000853e+01 2.760000000000000568e+02 1.840000000000000284e+02 1.418737243551268623e+00
3.280000000000000000e+02 1.200000000000000000e+01 9.600000000000000000e+01 9.000000000000000000e+01 6.000000000000000000e+01 9.333894452847193435e-01
3.280000000000000000e+02 2.400000000000000000e+01 2.760000000000000000e+02 9.000000000000000000e+01 6.000000000000000000e+01 4.554380723768303163e-02
3.280000000000000000e+02 7.200000000000000000e+01 1.800000000000000000e+02 9.000000000000000000e+01 6.000000000000000000e+01 2.489890120142521202e+00
3.290000000000000000e+02 0.000000000000000000e+00 1.584000000000000057e+02 1.320000000000000000e+02 8.800000000000000000e+01 9.438941829633185066e-02
3.300000000000000000e+02 1.760000000000000142e+01 1.584000000000000057e+02 1.320000000000000000e+02 8.800000000000000000e+01 7.259161540591021478e-01
3.310000000000000000e+02 6.719999999999998863e+01 3.583999999999999773e+02 8.400000000000000000e+01 5.600000000000000000e+01 7.836511463905448949e-02
3.310000000000000000e+02 1.439999999999999858e+01 4.319999999999999574e+01 1.079999999999999858e+02 7.200000000000000000e+01 1.264666104957715032e+00
3.310000000000000000e+02 1.759999999999999787e+01 1.935999999999999659e+02 1.319999999999999716e+02 8.799999999999998579e+01 1.741507444599279530e-01
3.320000000000000000e+02 5.440000000000000568e+01 8.160000000000000853e+01 2.040000000000000284e+02 1.360000000000000000e+02 2.427258594715042683e-01
3.330000000000000000e+02 1.440000000000000000e+02 8.000000000000000000e+01 1.200000000000000000e+02 8.000000000000000000e+01 6.839168236943549140e-02
3.330000000000000000e+02 1.600000000000000000e+02 2.080000000000000000e+02 1.200000000000000000e+02 8.000000000000000000e+01 1.003159739666492634e-01
3.340000000000000000e+02 4.319999999999999574e+01 2.015999999999999659e+02 1.079999999999999858e+02 7.200000000000000000e+01 9.097686835673837180e-01
3.350000000000000000e+02 1.408000000000000114e+02 1.232000000000000171e+02 1.320000000000000000e+02 8.800000000000000000e+01 1.532713007534041161e-01
3.360000000000000000e+02 3.680000000000000426e+01 3.680000000000000426e+01 2.760000000000000568e+02 1.840000000000000284e+02 5.681134056237047147e-01
3.370000000000000000e+02 3.840000000000000568e+01 1.280000000000000000e+02 9.600000000000000000e+01 6.400000000000000000e+01 1.124326402122262092e+00
3.380000000000000000e+02 2.399999999999999645e+01 1.439999999999999716e+02 1.799999999999999716e+02 1.199999999999999858e+02 7.996006524708825225e-01
3.390000000000000000e+02 8.799999999999998579e+01 2.991999999999999886e+02 1.319999999999999716e+02 8.799999999999998579e+01 1.560571184447030468e-01
3.390000000000000000e+02 6.239999999999999147e+01 6.239999999999999147e+01 1.559999999999999716e+02 1.039999999999999858e+02 8.958300241349501647e-01
3.410000000000000000e+02 1.280000000000000071e+01 1.280000000000000000e+02 9.600000000000000000e+01 6.400000000000000000e+01 3.967199153571714376e-01
3.430000000000000000e+02 6.400000000000000000e+01 6.400000000000000000e+01 2.400000000000000000e+02 1.600000000000000000e+02 4.066353840541352405e-01
3.440000000000000000e+02 3.520000000000000284e+01 1.936000000000000227e+02 1.320000000000000000e+02 8.800000000000000000e+01 5.535252777642472033e-01
3.450000000000000000e+02 2.176000000000000227e+02 1.408000000000000114e+02 9.600000000000000000e+01 6.400000000000000000e+01 4.597195165601442035e-01
3.460000000000000000e+02 4.159999999999999432e+01 1.663999999999999773e+02 1.559999999999999716e+02 1.039999999999999858e+02 3.329039570997909259e-01
3.480000000000000000e+02 1.120000000000000142e+02 1.120000000000000142e+02 1.680000000000000284e+02 1.120000000000000142e+02 7.089305603540529965e-01
3.490000000000000000e+02 0.000000000000000000e+00 7.360000000000000853e+01 2.760000000000000568e+02 1.840000000000000284e+02 3.689856209808106691e-02
3.500000000000000000e+02 2.720000000000000284e+01 8.160000000000000853e+01 2.040000000000000284e+02 1.360000000000000000e+02 6.755558666035001991e-01
3.510000000000000000e+02 3.200000000000000000e+01 0.000000000000000000e+00 6.000000000000000000e+01 4.000000000000000000e+01 9.332042624869854031e-01
3.510000000000000000e+02 1.119999999999999929e+01 6.719999999999998863e+01 8.400000000000000000e+01 5.600000000000000000e+01 1.525750160200241012e-01
3.510000000000000000e+02 1.439999999999999858e+01 3.023999999999999773e+02 1.079999999999999858e+02 7.200000000000000000e+01 3.513864529235286582e-01
3.520000000000000000e+02 1.439999999999999858e+01 1.583999999999999773e+02 1.079999999999999858e+02 7.200000000000000000e+01 4.631785273839295058e-02
3.530000000000000000e+02 6.000000000000000000e+01 1.200000000000000000e+02 1.500000000000000000e+02 1.000000000000000000e+02 1.657763158892548994e-01
3.540000000000000000e+02 1.104000000000000057e+02 7.360000000000000853e+01 2.760000000000000568e+02 1.840000000000000284e+02 1.820154332516699114e-01
3.540000000000000000e+02 0.000000000000000000e+00 4.640000000000000568e+01 3.480000000000000568e+02 2.320000000000000284e+02 5.697989599518415993e-01
3.550000000000000000e+02 4.480000000000000426e+01 1.120000000000000142e+02 1.680000000000000284e+02 1.120000000000000142e+02 1.132666602529819322e-01
3.570000000000000000e+02 8.960000000000000853e+01 1.568000000000000114e+02 1.680000000000000284e+02 1.120000000000000142e+02 1.053118833452839187e+00
3.580000000000000000e+02 2.719999999999999574e+01 1.631999999999999886e+02 2.039999999999999716e+02 1.359999999999999716e+02 4.574334421540307005e-01
3.590000000000000000e+02 9.600000000000000000e+01 9.600000000000000000e+01 2.400000000000000000e+02 1.600000000000000000e+02 7.297294850047295611e-01
3.600000000000000000e+02 8.320000000000001705e+01 4.160000000000000853e+01 3.120000000000000568e+02 2.080000000000000568e+02 1.197243901586038106e-01
3.610000000000000000e+02 2.720000000000000284e+01 5.440000000000000568e+01 2.040000000000000284e+02 1.360000000000000000e+02 2.584037750195120609e-01
3.620000000000000000e+02 0.000000000000000000e+00 8.160000000000000853e+01 2.040000000000000284e+02 1.360000000000000000e+02 8.703660632273639841e-01
3.630000000000000000e+02 4.480000000000000426e+01 1.344000000000000057e+02 1.680000000000000284e+02 1.120000000000000142e+02 3.100534912907635388e-01
3.640000000000000000e+02 4.160000000000000853e+01 4.160000000000000853e+01 3.120000000000000568e+02 2.080000000000000568e+02 4.336952701832874624e-03
3.650000000000000000e+02 2.879999999999999716e+01 1.007999999999999829e+02 1.079999999999999858e+02 7.200000000000000000e+01 1.500980218272998101e-01
3.660000000000000000e+02 2.240000000000000213e+01 1.120000000000000142e+02 1.680000000000000284e+02 1.120000000000000142e+02 1.600038231775346986e-01
3.670000000000000000e+02 3.200000000000000000e+01 6.400000000000000000e+01 2.400000000000000000e+02 1.600000000000000000e+02 2.168559151372189131e+00
3.680000000000000000e+02 0.000000000000000000e+00 3.167999999999999545e+02 1.319999999999999716e+02 8.799999999999998579e+01 1.959193739320994609e-01
3.680000000000000000e+02 1.055999999999999943e+02 5.279999999999999716e+01 1.319999999999999716e+02 8.799999999999998579e+01 3.487117921641811336e-01
3.690000000000000000e+02 6.400000000000000000e+01 1.280000000000000000e+02 2.400000000000000000e+02 1.600000000000000000e+02 4.387722530935636023e-01
3.700000000000000000e+02 5.440000000000000568e+01 5.440000000000000568e+01 2.040000000000000284e+02 1.360000000000000000e+02 3.459146040206988459e-01
3.710000000000000000e+02 3.520000000000000284e+01 8.800000000000000000e+01 1.320000000000000000e+02 8.800000000000000000e+01 6.445694497122431699e-01
3.720000000000000000e+02 4.800000000000000000e+01 1.200000000000000000e+02 1.800000000000000000e+02 1.200000000000000000e+02 1.877051195845749199e-01
3.730000000000000000e+02 6.720000000000000284e+01 1.344000000000000057e+02 1.680000000000000284e+02 1.120000000000000142e+02 6.161297571181156840e-02
3.750000000000000000e+02 0.000000000000000000e+00 6.720000000000000284e+01 1.680000000000000284e+02 1.120000000000000142e+02 1.331342540046529521e+00
3.760000000000000000e+02 7.040000000000000568e+01 1.408000000000000114e+02 1.320000000000000000e+02 8.800000000000000000e+01 6.389809507171673175e-01
3.770000000000000000e+02 7.360000000000000853e+01 7.360000000000000853e+01 2.760000000000000568e+02 1.840000000000000284e+02 6.607271976461159824e-02
3.780000000000000000e+02 2.800000000000000000e+01 1.680000000000000000e+02 2.100000000000000000e+02 1.400000000000000000e+02 4.250147674997761804e-01
3.790000000000000000e+02 0.000000000000000000e+00 7.200000000000000000e+01 2.700000000000000000e+02 1.800000000000000000e+02 6.814716037910693025e-01
3.800000000000000000e+02 5.120000000000000284e+01 5.120000000000000284e+01 3.840000000000000000e+02 2.560000000000000000e+02 5.688171543905302663e-01
3.820000000000000000e+02 4.799999999999999289e+01 1.679999999999999716e+02 1.799999999999999716e+02 1.199999999999999858e+02 1.206172179073562223e+00
3.830000000000000000e+02 3.520000000000000284e+01 8.800000000000000000e+01 1.320000000000000000e+02 8.800000000000000000e+01 5.017838651535524441e-01
3.840000000000000000e+02 3.200000000000000000e+01 1.280000000000000000e+02 2.400000000000000000e+02 1.600000000000000000e+02 6.045876157984442223e-02
3.850000000000000000e+02 3.680000000000000426e+01 7.360000000000000853e+01 2.760000000000000568e+02 1.840000000000000284e+02 2.016989061240441750e-01
3.870000000000000000e+02 4.480000000000000426e+01 1.120000000000000142e+02 1.680000000000000284e+02 1.120000000000000142e+02 2.294726492983323318e-02
3.880000000000000000e+02 0.000000000000000000e+00 3.455999999999999659e+02 1.079999999999999858e+02 7.200000000000000000e+01 1.108909001136176187e+00
3.880000000000000000e+02 2.879999999999999716e+01 1.007999999999999829e+02 1.079999999999999858e+02 7.200000000000000000e+01 4.116685402130308979e-01
3.890000000000000000e+02 0.000000000000000000e+00 0.000000000000000000e+00 1.800000000000000000e+02 1.200000000000000000e+02 4.413378998725159263e-02
3.900000000000000000e+02 6.720000000000000284e+01 6.720000000000000284e+01 1.680000000000000284e+02 1.120000000000000142e+02 3.689176037911923167e-01
3.910000000000000000e+02 5.200000000000000000e+01 2.288000000000000114e+02 7.800000000000000000e+01 5.200000000000000000e+01 7.877063667506178923e-01
3.920000000000000000e+02 1.439999999999999858e+01 1.007999999999999829e+02 1.079999999999999858e+02 7.200000000000000000e+01 3.021686748722340887e-01
3.930000000000000000e+02 1.760000000000000142e+01 1.232000000000000171e+02 1.320000000000000000e+02 8.800000000000000000e+01 4.796441293830220332e-01
3.940000000000000000e+02 0.000000000000000000e+00 8.400000000000000000e+01 2.100000000000000000e+02 1.400000000000000000e+02 1.342919504076762749e-01
3.950000000000000000e+02 3.200000000000000000e+01 1.600000000000000000e+02 1.200000000000000000e+02 8.000000000000000000e+01 1.011326446216749275e-01
3.960000000000000000e+02 1.759999999999999787e+01 1.407999999999999829e+02 1.319999999999999716e+02 8.799999999999998579e+01 4.055273065604301230e-01
3.970000000000000000e+02 3.520000000000000284e+01 1.936000000000000227e+02 1.320000000000000000e+02 8.800000000000000000e+01 7.753056784642997634e-01
3.980000000000000000e+02 3.520000000000000284e+01 8.800000000000000000e+01 1.320000000000000000e+02 8.800000000000000000e+01 4.401455966149732113e-01
3.990000000000000000e+02 2.399999999999999645e+01 9.599999999999998579e+01 1.799999999999999716e+02 1.199999999999999858e+02 5.289679876495814170e-01
4.000000000000000000e+02 1.007999999999999972e+02 3.583999999999999773e+02 8.400000000000000000e+01 5.600000000000000000e+01 8.370431821358019775e-01
4.000000000000000000e+02 1.439999999999999858e+01 1.727999999999999829e+02 1.079999999999999858e+02 7.200000000000000000e+01 4.675678671105454320e-02
4.010000000000000000e+02 8.800000000000000000e+01 1.056000000000000085e+02 1.320000000000000000e+02 8.800000000000000000e+01 1.023705148243736929e+00
4.020000000000000000e+02 4.160000000000000853e+01 4.160000000000000853e+01 3.120000000000000568e+02 2.080000000000000568e+02 6.328680771260817295e-01
4.030000000000000000e+02 7.200000000000000000e+01 7.200000000000000000e+01 1.800000000000000000e+02 1.200000000000000000e+02 1.958090112848425157e-01
4.060000000000000000e+02 4.160000000000000853e+01 4.160000000000000853e+01 3.120000000000000568e+02 2.080000000000000568e+02 1.363659561091314920e-01
4.070000000000000000e+02 1.760000000000000142e+01 2.112000000000000171e+02 1.320000000000000000e+02 8.800000000000000000e+01 5.439222687982510074e-01
4.080000000000000000e+02 6.400000000000000000e+01 6.400000000000000000e+01 2.400000000000000000e+02 1.600000000000000000e+02 6.052459065654591797e-01
4.090000000000000000e+02 6.400000000000000000e+01 3.200000000000000000e+01 2.400000000000000000e+02 1.600000000000000000e+02 1.479615233191118318e+00
4.100000000000000000e+02 1.039999999999999858e+02 2.287999999999999545e+02 1.559999999999999716e+02 1.039999999999999858e+02 4.036289801526482535e-02
4.100000000000000000e+02 2.399999999999999645e+01 7.199999999999998579e+01 1.799999999999999716e+02 1.199999999999999858e+02 4.113148818034835230e-01
4.120000000000000000e+02 1.280000000000000071e+01 6.400000000000000000e+01 9.600000000000000000e+01 6.400000000000000000e+01 2.952989685411613330e-01
4.120000000000000000e+02 2.560000000000000142e+01 1.664000000000000057e+02 9.600000000000000000e+01 6.400000000000000000e+01 5.152543404766771751e-01
4.150000000000000000e+02 4.480000000000000426e+01 1.120000000000000142e+02 1.680000000000000284e+02 1.120000000000000142e+02 7.411075787033216677e-01
4.160000000000000000e+02 1.056000000000000085e+02 1.584000000000000057e+02 1.320000000000000000e+02 8.800000000000000000e+01 1.274511378116121030e-01
4.170000000000000000e+02 9.600000000000000000e+01 1.840000000000000000e+02 6.000000000000000000e+01 4.000000000000000000e+01 4.768972368030417464e-01
4.170000000000000000e+02 1.439999999999999858e+01 3.167999999999999545e+02 1.079999999999999858e+02 7.200000000000000000e+01 4.989933957800865016e-01
4.170000000000000000e+02 2.879999999999999716e+01 8.639999999999999147e+01 1.079999999999999858e+02 7.200000000000000000e+01 6.935378287192017766e-02
4.180000000000000000e+02 1.439999999999999858e+01 1.151999999999999886e+02 1.079999999999999858e+02 7.200000000000000000e+01 2.435557597711683897e-01
4.190000000000000000e+02 1.600000000000000000e+01 8.000000000000000000e+01 1.200000000000000000e+02 8.000000000000000000e+01 2.790080777804075929e-01
4.190000000000000000e+02 1.600000000000000000e+01 2.560000000000000000e+02 1.200000000000000000e+02 8.000000000000000000e+01 8.344559124187553856e-01
4.200000000000000000e+02 1.920000000000000000e+02 1.280000000000000000e+02 9.600000000000000000e+01 6.400000000000000000e+01 2.412879478339604589e-01
4.210000000000000000e+02 8.159999999999999432e+01 2.175999999999999659e+02 2.039999999999999716e+02 1.359999999999999716e+02 1.512580731274284496e-01
4.220000000000000000e+02 0.000000000000000000e+00 4.480000000000000426e+01 1.680000000000000284e+02 1.120000000000000142e+02 5.817742836731802925e-01
4.220000000000000000e+02 2.240000000000000213e+01 2.016000000000000227e+02 1.680000000000000284e+02 1.120000000000000142e+02 3.521215682737364183e-01
4.220000000000000000e+02 2.240000000000000284e+02 2.240000000000000284e+02 1.680000000000000284e+02 1.120000000000000142e+02 1.077588691617363814e+00
4.220000000000000000e+02 2.464000000000000341e+02 2.240000000000000213e+01 1.680000000000000284e+02 1.120000000000000142e+02 5.929098160422974217e-01
4.240000000000000000e+02 1.680000000000000000e+02 8.800000000000000000e+01 6.000000000000000000e+01 4.000000000000000000e+01 2.639609936434292869e-01
4.240000000000000000e+02 1.439999999999999858e+01 2.159999999999999716e+02 1.079999999999999858e+02 7.200000000000000000e+01 1.517050965465053913e+00
4.250000000000000000e+02 1.792000000000000171e+02 8.960000000000000853e+01 1.680000000000000284e+02 1.120000000000000142e+02 1.828663931152010313e-01
4.270000000000000000e+02 1.760000000000000142e+01 8.800000000000000000e+01 1.320000000000000000e+02 8.800000000000000000e+01 3.571646370233683143e-01
4.280000000000000000e+02 2.239999999999999858e+01 1.120000000000000000e+02 8.400000000000000000e+01 5.600000000000000000e+01 7.720934949010955783e-01
4.290000000000000000e+02 1.520000000000000107e+01 3.040000000000000000e+02 1.140000000000000142e+02 7.600000000000000000e+01 2.754166647307956239e-01
4.310000000000000000e+02 4.000000000000000000e+01 2.000000000000000000e+02 1.500000000000000000e+02 1.000000000000000000e+02 8.272569995343226346e-01
4.340000000000000000e+02 5.440000000000000568e+01 8.160000000000000853e+01 2.040000000000000284e+02 1.360000000000000000e+02 9.071617186592755289e-01
4.350000000000000000e+02 2.400000000000000000e+01 9.600000000000000000e+01 9.000000000000000000e+01 6.000000000000000000e+01 4.274532674461983817e-02
4.360000000000000000e+02 6.400000000000000000e+01 3.200000000000000000e+01 2.400000000000000000e+02 1.600000000000000000e+02 2.259092636464998805e-01
4.370000000000000000e+02 3.520000000000000284e+01 5.280000000000000426e+01 1.320000000000000000e+02 8.800000000000000000e+01 7.900262851364936445e-02
4.370000000000000000e+02 2.000000000000000000e+01 2.000000000000000000e+02 1.500000000000000000e+02 1.000000000000000000e+02 7.073518545285573111e-01
4.380000000000000000e+02 3.520000000000000284e+01 1.760000000000000000e+02 1.320000000000000000e+02 8.800000000000000000e+01 6.906051706149347602e-01
4.390000000000000000e+02 1.760000000000000142e+01 1.232000000000000171e+02 1.320000000000000000e+02 8.800000000000000000e+01 3.616008796953242843e-01
4.400000000000000000e+02 3.519999999999999574e+01 2.639999999999999432e+02 1.319999999999999716e+02 8.799999999999998579e+01 2.499583118770405399e-01
4.400000000000000000e+02 6.239999999999999147e+01 8.319999999999998863e+01 1.559999999999999716e+02 1.039999999999999858e+02 4.489268756199882304e-02
4.410000000000000000e+02 5.119999999999999574e+01 1.919999999999999716e+02 9.599999999999998579e+01 6.399999999999999289e+01 2.786560450656652144e-01
4.410000000000000000e+02 1.439999999999999858e+01 1.871999999999999886e+02 1.079999999999999858e+02 7.200000000000000000e+01 3.140401358886202310e-02
4.410000000000000000e+02 4.319999999999999574e+01 2.879999999999999716e+01 1.079999999999999858e+02 7.200000000000000000e+01 7.553933981878202530e-02
4.410000000000000000e+02 4.319999999999999574e+01 3.311999999999999886e+02 1.079999999999999858e+02 7.200000000000000000e+01 1.050087038345941970e+00
4.420000000000000000e+02 8.160000000000000853e+01 1.088000000000000114e+02 2.040000000000000284e+02 1.360000000000000000e+02 9.437732403067311537e-02
4.430000000000000000e+02 4.000000000000000000e+01 1.600000000000000000e+02 1.500000000000000000e+02 1.000000000000000000e+02 2.436644282909088410e-01
4.440000000000000000e+02 4.480000000000000426e+01 1.120000000000000142e+02 1.680000000000000284e+02 1.120000000000000142e+02 9.063514281880502566e-02
4.450000000000000000e+02 4.160000000000000853e+01 4.160000000000000853e+01 3.120000000000000568e+02 2.080000000000000568e+02 1.418975320939968920e+00
4.460000000000000000e+02 1.760000000000000142e+01 1.056000000000000085e+02 1.320000000000000000e+02 8.800000000000000000e+01 7.606179549106832916e-01
4.470000000000000000e+02 3.200000000000000000e+01 9.600000000000000000e+01 2.400000000000000000e+02 1.600000000000000000e+02 1.085641360412229250e+00
4.480000000000000000e+02 1.280000000000000071e+01 1.920000000000000000e+02 9.600000000000000000e+01 6.400000000000000000e+01 9.757610365214937076e-01
4.480000000000000000e+02 1.760000000000000142e+01 8.800000000000000000e+01 1.320000000000000000e+02 8.800000000000000000e+01 2.010509889283806473e+00
4.490000000000000000e+02 3.520000000000000284e+01 7.040000000000000568e+01 1.320000000000000000e+02 8.800000000000000000e+01 2.864020226907695310e-01
4.530000000000000000e+02 0.000000000000000000e+00 1.056000000000000085e+02 1.320000000000000000e+02 8.800000000000000000e+01 1.114941962915789286e+00
4.540000000000000000e+02 7.360000000000000853e+01 3.680000000000000426e+01 2.760000000000000568e+02 1.840000000000000284e+02 2.121246101648366356e-01
4.550000000000000000e+02 2.719999999999999574e+01 1.087999999999999829e+02 2.039999999999999716e+02 1.359999999999999716e+02 1.184230840526292461e-01
4.570000000000000000e+02 1.760000000000000142e+01 1.232000000000000171e+02 1.320000000000000000e+02 8.800000000000000000e+01 6.894210581815873873e-02
4.580000000000000000e+02 6.400000000000000000e+01 2.432000000000000171e+02 9.600000000000000000e+01 6.400000000000000000e+01 1.125758434775119277e-01
4.600000000000000000e+02 7.600000000000000000e+01 1.672000000000000171e+02 1.140000000000000142e+02 7.600000000000000000e+01 1.107079397472746418e+00
4.610000000000000000e+02 0.000000000000000000e+00 9.119999999999998863e+01 2.279999999999999716e+02 1.519999999999999716e+02 6.527491159962179879e-01
4.620000000000000000e+02 1.280000000000000000e+02 1.280000000000000000e+02 2.400000000000000000e+02 1.600000000000000000e+02 3.859287335758132542e-03
4.640000000000000000e+02 4.319999999999999574e+01 8.639999999999999147e+01 1.079999999999999858e+02 7.200000000000000000e+01 7.195798763085519134e-01
4.650000000000000000e+02 8.160000000000000853e+01 1.088000000000000114e+02 2.040000000000000284e+02 1.360000000000000000e+02 1.939988723310839269e-01
4.670000000000000000e+02 2.432000000000000171e+02 1.664000000000000057e+02 9.600000000000000000e+01 6.400000000000000000e+01 3.719316106761598739e-01
4.670000000000000000e+02 2.240000000000000213e+01 2.240000000000000284e+02 1.680000000000000284e+02 1.120000000000000142e+02 6.066648489252157717e-01
4.690000000000000000e+02 1.760000000000000142e+01 1.232000000000000171e+02 1.320000000000000000e+02 8.800000000000000000e+01 6.536249089109382737e-01
4.700000000000000000e+02 7.680000000000001137e+01 1.536000000000000227e+02 9.600000000000000000e+01 6.400000000000000000e+01 2.114676305981961768e-01
4.710000000000000000e+02 1.600000000000000000e+01 1.440000000000000000e+02 1.200000000000000000e+02 8.000000000000000000e+01 3.419746338935412133e-01
4.720000000000000000e+02 0.000000000000000000e+00 8.800000000000000000e+01 1.320000000000000000e+02 8.800000000000000000e+01 2.732429138184522266e-01
4.740000000000000000e+02 5.280000000000000426e+01 1.584000000000000057e+02 1.320000000000000000e+02 8.800000000000000000e+01 3.248482574138211731e-02
4.750000000000000000e+02 5.279999999999999716e+01 1.935999999999999659e+02 1.319999999999999716e+02 8.799999999999998579e+01 7.604808276268308909e-01
4.760000000000000000e+02 7.200000000000000000e+01 2.591999999999999886e+02 1.079999999999999858e+02 7.200000000000000000e+01 7.062355736849408316e-01
4.780000000000000000e+02 2.879999999999999716e+01 8.639999999999999147e+01 1.079999999999999858e+02 7.200000000000000000e+01 9.301071235869495801e-01
4.800000000000000000e+02 1.120000000000000000e+02 2.127999999999999829e+02 8.400000000000000000e+01 5.600000000000000000e+01 4.473350860235392190e-02
4.800000000000000000e+02 2.879999999999999716e+01 5.759999999999999432e+01 1.079999999999999858e+02 7.200000000000000000e+01 4.246764869314856305e-01
4.800000000000000000e+02 8.639999999999999147e+01 3.167999999999999545e+02 1.079999999999999858e+02 7.200000000000000000e+01 5.384850378660748227e-01
4.810000000000000000e+02 3.520000000000000284e+01 1.584000000000000057e+02 1.320000000000000000e+02 8.800000000000000000e+01 9.308384816925174832e-02
4.820000000000000000e+02 3.520000000000000284e+01 1.056000000000000085e+02 1.320000000000000000e+02 8.800000000000000000e+01 1.071238309999375637e+00
4.830000000000000000e+02 0.000000000000000000e+00 2.735999999999999659e+02 2.279999999999999716e+02 1.519999999999999716e+02 5.129217634647731394e-02
4.830000000000000000e+02 0.000000000000000000e+00 1.103999999999999915e+02 2.760000000000000000e+02 1.840000000000000000e+02 2.584666260706662833e-01
4.840000000000000000e+02 2.720000000000000284e+01 5.440000000000000568e+01 2.040000000000000284e+02 1.360000000000000000e+02 4.960776611615496101e-01
4.860000000000000000e+02 0.000000000000000000e+00 3.119999999999999432e+02 1.799999999999999716e+02 1.199999999999999858e+02 5.116220286604686862e-01
4.870000000000000000e+02 3.360000000000000000e+02 1.920000000000000000e+02 6.000000000000000000e+01 4.000000000000000000e+01 1.614856266044246702e-01
4.870000000000000000e+02 2.640000000000000000e+02 1.760000000000000000e+02 1.320000000000000000e+02 8.800000000000000000e+01 1.753716744813615946e-02
4.880000000000000000e+02 0.000000000000000000e+00 3.039999999999999503e+01 2.279999999999999716e+02 1.519999999999999716e+02 1.146691713268347179e+00
4.890000000000000000e+02 4.640000000000000568e+01 4.640000000000000568e+01 3.480000000000000568e+02 2.320000000000000284e+02 1.444413260872659865e+00
4.900000000000000000e+02 1.408000000000000114e+02 2.288000000000000114e+02 1.320000000000000000e+02 8.800000000000000000e+01 1.403731149935789624e-01
4.910000000000000000e+02 1.536000000000000227e+02 1.152000000000000028e+02 9.600000000000000000e+01 6.400000000000000000e+01 1.135696596044937667e+00
4.920000000000000000e+02 6.400000000000000000e+01 1.024000000000000057e+02 9.600000000000000000e+01 6.400000000000000000e+01 1.375183960610053546e-01
4.930000000000000000e+02 4.480000000000000426e+01 8.960000000000000853e+01 1.680000000000000284e+02 1.120000000000000142e+02 8.821286824682443850e-01
4.940000000000000000e+02 4.480000000000000426e+01 8.960000000000000853e+01 1.680000000000000284e+02 1.120000000000000142e+02 5.522725262003698177e-01
4.950000000000000000e+02 3.200000000000000000e+01 9.600000000000000000e+01 2.400000000000000000e+02 1.600000000000000000e+02 6.834898379738385543e-01
4.960000000000000000e+02 4.160000000000000853e+01 4.160000000000000853e+01 3.120000000000000568e+02 2.080000000000000568e+02 5.523017865230803736e-01
4.970000000000000000e+02 2.240000000000000213e+01 8.960000000000000853e+01 1.680000000000000284e+02 1.120000000000000142e+02 6.086102147937095808e-01
4.980000000000000000e+02 1.759999999999999787e+01 1.759999999999999716e+02 1.319999999999999716e+02 8.799999999999998579e+01 5.752983860856217824e-01
5.000000000000000000e+02 1.024000000000000057e+02 1.152000000000000028e+02 9.600000000000000000e+01 6.400000000000000000e+01 1.762291668361811503e+00
