0.000000000000000000e+00 2.320000000000000284e+01 1.160000000000000142e+02 1.392000000000000171e+02 9.280000000000001137e+01 2.905736371025469111e-02
2.000000000000000000e+00 1.990000000000000213e+01 5.970000000000000284e+01 1.194000000000000057e+02 7.960000000000000853e+01 2.084564039495493404e-01
2.000000000000000000e+00 4.640000000000000568e+01 3.016000000000000227e+02 1.392000000000000171e+02 9.280000000000001137e+01 1.170759189193777416e-01
3.000000000000000000e+00 1.990000000000000213e+01 9.950000000000001421e+01 1.194000000000000057e+02 7.960000000000000853e+01 1.450937472076079260e-01
4.000000000000000000e+00 1.330000000000000071e+01 1.064000000000000057e+02 7.980000000000001137e+01 5.320000000000000284e+01 6.508652539136683401e-03
4.000000000000000000e+00 1.660000000000000142e+01 2.656000000000000227e+02 9.960000000000000853e+01 6.640000000000000568e+01 7.238791034629343812e-01
4.000000000000000000e+00 6.640000000000000568e+01 6.640000000000000568e+01 9.960000000000000853e+01 6.640000000000000568e+01 1.187834036930750514e-01
5.000000000000000000e+00 5.970000000000000284e+01 7.960000000000000853e+01 1.194000000000000057e+02 7.960000000000000853e+01 8.500650582638691333e-02
1.000000000000000000e+01 2.320000000000000284e+01 4.640000000000000568e+01 1.392000000000000171e+02 9.280000000000001137e+01 8.549590768897319393e-01
1.200000000000000000e+01 1.990000000000000213e+01 9.950000000000001421e+01 1.194000000000000057e+02 7.960000000000000853e+01 5.191585957208557645e-01
1.300000000000000000e+01 3.320000000000000284e+01 2.490000000000000284e+02 9.960000000000000853e+01 6.640000000000000568e+01 3.199488538249735115e-01
1.300000000000000000e+01 3.980000000000000426e+01 9.950000000000001421e+01 1.194000000000000057e+02 7.960000000000000853e+01 1.119831295690282502e+00
1.400000000000000000e+01 1.990000000000000213e+01 7.960000000000000853e+01 1.194000000000000057e+02 7.960000000000000853e+01 6.227694252996389679e-01
1.500000000000000000e+01 4.640000000000000568e+01 2.552000000000000455e+02 1.392000000000000171e+02 9.280000000000001137e+01 4.251300031610103503e-01
1.600000000000000000e+01 4.640000000000000568e+01 1.856000000000000227e+02 1.392000000000000171e+02 9.280000000000001137e+01 7.874696704319594787e-01
2.100000000000000000e+01 9.000000000000000000e+01 5.000000000000000000e+01 6.000000000000000000e+01 4.000000000000000000e+01 6.815917548822598704e-01
2.100000000000000000e+01 2.320000000000000284e+01 1.392000000000000171e+02 1.392000000000000171e+02 9.280000000000001137e+01 5.520606957555029837e-01
2.500000000000000000e+01 4.640000000000000568e+01 9.280000000000001137e+01 1.392000000000000171e+02 9.280000000000001137e+01 5.070682250979192673e-01
2.600000000000000000e+01 3.980000000000000426e+01 1.791000000000000227e+02 1.194000000000000057e+02 7.960000000000000853e+01 8.581102335619235078e-01
2.700000000000000000e+01 2.320000000000000284e+01 9.280000000000001137e+01 1.392000000000000171e+02 9.280000000000001137e+01 8.230634775800638181e-01
2.900000000000000000e+01 4.640000000000000568e+01 1.160000000000000142e+02 1.392000000000000171e+02 9.280000000000001137e+01 8.439185949190113334e-01
3.000000000000000000e+01 1.660000000000000000e+02 1.494000000000000057e+02 9.960000000000000853e+01 6.640000000000000568e+01 8.385097914333972113e-02
3.000000000000000000e+01 0.000000000000000000e+00 9.280000000000001137e+01 1.392000000000000171e+02 9.280000000000001137e+01 4.950354887162307094e-01
3.200000000000000000e+01 1.990000000000000213e+01 1.592000000000000171e+02 1.194000000000000057e+02 7.960000000000000853e+01 4.679075165374015910e-01
3.300000000000000000e+01 3.980000000000000426e+01 7.960000000000000853e+01 1.194000000000000057e+02 7.960000000000000853e+01 6.774497862693351635e-02
3.500000000000000000e+01 5.970000000000000284e+01 3.980000000000000426e+01 1.194000000000000057e+02 7.960000000000000853e+01 3.158494744577016178e-01
3.600000000000000000e+01 3.320000000000000284e+01 1.660000000000000000e+02 9.960000000000000853e+01 6.640000000000000568e+01 2.080703789279363392e-01
3.800000000000000000e+01 4.640000000000000568e+01 2.784000000000000341e+02 1.392000000000000171e+02 9.280000000000001137e+01 1.414613405330045204e+00
3.900000000000000000e+01 1.392000000000000171e+02 2.320000000000000284e+02 1.392000000000000171e+02 9.280000000000001137e+01 9.614529979097330425e-01
4.100000000000000000e+01 2.587000000000000455e+02 1.990000000000000284e+02 1.194000000000000057e+02 7.960000000000000853e+01 9.514826203628397039e-01
4.200000000000000000e+01 8.000000000000000000e+01 1.700000000000000000e+02 6.000000000000000000e+01 4.000000000000000000e+01 1.319001149450828692e+00
4.200000000000000000e+01 2.660000000000000142e+01 2.394000000000000057e+02 7.980000000000001137e+01 5.320000000000000284e+01 1.854904949401435132e+00
4.200000000000000000e+01 0.000000000000000000e+00 1.660000000000000142e+01 9.960000000000000853e+01 6.640000000000000568e+01 1.229900198612130069e+00
4.800000000000000000e+01 3.990000000000000568e+01 9.310000000000000853e+01 7.980000000000001137e+01 5.320000000000000284e+01 2.190257461200069145e-01
4.800000000000000000e+01 1.990000000000000213e+01 2.388000000000000114e+02 1.194000000000000057e+02 7.960000000000000853e+01 6.864659636598435810e-02
4.900000000000000000e+01 3.980000000000000426e+01 1.592000000000000171e+02 1.194000000000000057e+02 7.960000000000000853e+01 7.072636304990176370e-02
5.700000000000000000e+01 3.320000000000000284e+01 1.494000000000000057e+02 9.960000000000000853e+01 6.640000000000000568e+01 1.093949344263215551e+00
5.900000000000000000e+01 3.980000000000000426e+01 9.950000000000001421e+01 1.194000000000000057e+02 7.960000000000000853e+01 4.937951468984227432e-01
6.200000000000000000e+01 5.320000000000000284e+01 1.463000000000000114e+02 7.980000000000001137e+01 5.320000000000000284e+01 5.983706576087399753e-02
6.400000000000000000e+01 3.320000000000000284e+01 2.158000000000000114e+02 9.960000000000000853e+01 6.640000000000000568e+01 1.216623390255683113e+00
6.600000000000000000e+01 8.000000000000000000e+01 2.300000000000000000e+02 6.000000000000000000e+01 4.000000000000000000e+01 1.164115866451327364e-01
6.700000000000000000e+01 1.330000000000000071e+01 1.064000000000000057e+02 7.980000000000001137e+01 5.320000000000000284e+01 5.906377567753269275e-01
6.700000000000000000e+01 3.990000000000000568e+01 2.926000000000000227e+02 7.980000000000001137e+01 5.320000000000000284e+01 3.770037549630878004e-02
7.000000000000000000e+01 2.320000000000000284e+01 1.160000000000000142e+02 1.392000000000000171e+02 9.280000000000001137e+01 1.479033598470917532e+00
7.300000000000000000e+01 9.000000000000000000e+01 3.800000000000000000e+02 6.000000000000000000e+01 4.000000000000000000e+01 3.677928205010410068e-01
7.300000000000000000e+01 1.660000000000000142e+01 4.980000000000000426e+01 9.960000000000000853e+01 6.640000000000000568e+01 1.861206958305370307e-01
7.300000000000000000e+01 1.660000000000000142e+01 1.992000000000000171e+02 9.960000000000000853e+01 6.640000000000000568e+01 7.674760483397360389e-01
7.300000000000000000e+01 8.300000000000000000e+01 3.486000000000000227e+02 9.960000000000000853e+01 6.640000000000000568e+01 4.359397744025041987e-01
7.400000000000000000e+01 5.320000000000000284e+01 1.197000000000000028e+02 7.980000000000001137e+01 5.320000000000000284e+01 9.030878086805547156e-01
7.400000000000000000e+01 1.660000000000000000e+02 3.320000000000000284e+01 9.960000000000000853e+01 6.640000000000000568e+01 1.452074168467225590e-01
7.400000000000000000e+01 7.960000000000000853e+01 1.990000000000000284e+02 1.194000000000000057e+02 7.960000000000000853e+01 1.243331345069222493e+00
7.600000000000000000e+01 3.980000000000000426e+01 2.388000000000000114e+02 1.194000000000000057e+02 7.960000000000000853e+01 1.598343488127031975e-01
8.100000000000000000e+01 2.656000000000000227e+02 1.328000000000000114e+02 9.960000000000000853e+01 6.640000000000000568e+01 2.038559145865646016e-01
8.200000000000000000e+01 0.000000000000000000e+00 1.328000000000000114e+02 9.960000000000000853e+01 6.640000000000000568e+01 1.042372803189423713e+00
8.300000000000000000e+01 1.990000000000000213e+01 1.194000000000000057e+02 1.194000000000000057e+02 7.960000000000000853e+01 8.870902703065857153e-01
8.500000000000000000e+01 3.320000000000000284e+01 1.328000000000000114e+02 9.960000000000000853e+01 6.640000000000000568e+01 2.564567589662107849e-01
8.600000000000000000e+01 5.970000000000000284e+01 1.194000000000000057e+02 1.194000000000000057e+02 7.960000000000000853e+01 1.583615682616352771e-01
8.700000000000000000e+01 2.660000000000000142e+01 2.527000000000000171e+02 7.980000000000001137e+01 5.320000000000000284e+01 7.202454106422591096e-01
8.700000000000000000e+01 4.980000000000000426e+01 1.494000000000000057e+02 9.960000000000000853e+01 6.640000000000000568e+01 6.539383107897620562e-01
8.800000000000000000e+01 5.320000000000000284e+01 1.729000000000000057e+02 7.980000000000001137e+01 5.320000000000000284e+01 7.787795362951408507e-01
8.800000000000000000e+01 0.000000000000000000e+00 2.490000000000000284e+02 9.960000000000000853e+01 6.640000000000000568e+01 5.913640542092828412e-01
9.100000000000000000e+01 2.320000000000000284e+01 1.160000000000000142e+02 1.392000000000000171e+02 9.280000000000001137e+01 2.068584760464977634e-01
9.400000000000000000e+01 0.000000000000000000e+00 6.960000000000000853e+01 1.392000000000000171e+02 9.280000000000001137e+01 2.620387188631783104e-01
9.600000000000000000e+01 0.000000000000000000e+00 1.393000000000000114e+02 1.194000000000000057e+02 7.960000000000000853e+01 8.641410803588076561e-01
9.700000000000000000e+01 3.320000000000000284e+01 1.992000000000000171e+02 9.960000000000000853e+01 6.640000000000000568e+01 4.608045085665768426e-01
9.700000000000000000e+01 0.000000000000000000e+00 3.184000000000000341e+02 1.194000000000000057e+02 7.960000000000000853e+01 4.471338270029612261e-01
9.800000000000000000e+01 4.640000000000000568e+01 1.624000000000000341e+02 1.392000000000000171e+02 9.280000000000001137e+01 3.738803570576250124e-01
1.000000000000000000e+02 2.784000000000000341e+02 9.280000000000001137e+01 1.392000000000000171e+02 9.280000000000001137e+01 4.664702671547527046e-02
1.040000000000000000e+02 1.160000000000000142e+02 6.960000000000000853e+01 1.392000000000000171e+02 9.280000000000001137e+01 9.077987436583985215e-01
1.060000000000000000e+02 6.650000000000000000e+01 1.729000000000000057e+02 7.980000000000001137e+01 5.320000000000000284e+01 1.015602832076627493e-01
1.060000000000000000e+02 8.300000000000000000e+01 4.980000000000000426e+01 9.960000000000000853e+01 6.640000000000000568e+01 1.523064373669988925e+00
1.090000000000000000e+02 1.660000000000000142e+01 1.162000000000000171e+02 9.960000000000000853e+01 6.640000000000000568e+01 9.893410530553294890e-01
1.090000000000000000e+02 4.980000000000000426e+01 2.822000000000000455e+02 9.960000000000000853e+01 6.640000000000000568e+01 1.004686054618117552e+00
1.110000000000000000e+02 1.990000000000000213e+01 7.960000000000000853e+01 1.194000000000000057e+02 7.960000000000000853e+01 1.153916319885629704e+00
1.120000000000000000e+02 0.000000000000000000e+00 2.985000000000000568e+02 1.194000000000000057e+02 7.960000000000000853e+01 4.870474297361520044e-01
1.140000000000000000e+02 1.330000000000000071e+01 5.320000000000000284e+01 7.980000000000001137e+01 5.320000000000000284e+01 2.484982216626079321e-01
1.160000000000000000e+02 6.960000000000000853e+01 1.160000000000000142e+02 1.392000000000000171e+02 9.280000000000001137e+01 9.684345193151955300e-02
1.170000000000000000e+02 1.990000000000000284e+02 1.393000000000000114e+02 1.194000000000000057e+02 7.960000000000000853e+01 6.664847598190224431e-01
1.190000000000000000e+02 4.640000000000000568e+01 9.280000000000001137e+01 1.392000000000000171e+02 9.280000000000001137e+01 3.171526275769878112e-01
1.200000000000000000e+02 2.320000000000000284e+01 1.160000000000000142e+02 1.392000000000000171e+02 9.280000000000001137e+01 8.538952661842786895e-01
1.210000000000000000e+02 3.990000000000000568e+01 2.926000000000000227e+02 7.980000000000001137e+01 5.320000000000000284e+01 5.418548463153296524e-01
1.210000000000000000e+02 1.990000000000000213e+01 1.194000000000000057e+02 1.194000000000000057e+02 7.960000000000000853e+01 6.945093591859841098e-02
1.230000000000000000e+02 2.320000000000000284e+01 1.392000000000000171e+02 1.392000000000000171e+02 9.280000000000001137e+01 3.053071374262446014e-01
1.270000000000000000e+02 0.000000000000000000e+00 1.392000000000000171e+02 1.392000000000000171e+02 9.280000000000001137e+01 3.255450632123011445e-01
1.290000000000000000e+02 3.320000000000000284e+01 1.328000000000000114e+02 9.960000000000000853e+01 6.640000000000000568e+01 5.284190900423642034e-01
1.300000000000000000e+02 3.100000000000000000e+02 1.000000000000000000e+02 6.000000000000000000e+01 4.000000000000000000e+01 4.191541502007432030e-01
1.310000000000000000e+02 2.320000000000000284e+01 6.960000000000000853e+01 1.392000000000000171e+02 9.280000000000001137e+01 1.141942411064205132e-01
1.320000000000000000e+02 3.320000000000000284e+01 2.324000000000000341e+02 9.960000000000000853e+01 6.640000000000000568e+01 2.753869227665770580e-01
1.340000000000000000e+02 1.494000000000000057e+02 1.494000000000000057e+02 9.960000000000000853e+01 6.640000000000000568e+01 3.727890159677764714e-01
1.340000000000000000e+02 1.990000000000000213e+01 1.393000000000000114e+02 1.194000000000000057e+02 7.960000000000000853e+01 8.875126889178037715e-01
1.350000000000000000e+02 3.980000000000000426e+01 2.189000000000000341e+02 1.194000000000000057e+02 7.960000000000000853e+01 4.047620474149251635e-01
1.370000000000000000e+02 8.300000000000000000e+01 1.494000000000000057e+02 9.960000000000000853e+01 6.640000000000000568e+01 8.195305228217728555e-01
1.380000000000000000e+02 1.990000000000000213e+01 7.960000000000000853e+01 1.194000000000000057e+02 7.960000000000000853e+01 3.693518347599162865e-01
1.380000000000000000e+02 1.393000000000000114e+02 2.587000000000000455e+02 1.194000000000000057e+02 7.960000000000000853e+01 3.982942686052073356e-01
1.390000000000000000e+02 4.640000000000000568e+01 9.280000000000001137e+01 1.392000000000000171e+02 9.280000000000001137e+01 6.987417281126884205e-02
1.400000000000000000e+02 2.128000000000000114e+02 1.463000000000000114e+02 7.980000000000001137e+01 5.320000000000000284e+01 6.255268025440763324e-02
1.400000000000000000e+02 1.660000000000000142e+01 3.320000000000000284e+01 9.960000000000000853e+01 6.640000000000000568e+01 5.734749194873600686e-02
1.400000000000000000e+02 1.660000000000000142e+01 2.490000000000000284e+02 9.960000000000000853e+01 6.640000000000000568e+01 8.302311321498718755e-01
1.400000000000000000e+02 1.660000000000000142e+01 3.486000000000000227e+02 9.960000000000000853e+01 6.640000000000000568e+01 1.973261489023210302e-01
1.400000000000000000e+02 1.992000000000000171e+02 3.320000000000000284e+01 9.960000000000000853e+01 6.640000000000000568e+01 1.496687211915368465e-01
1.400000000000000000e+02 1.992000000000000171e+02 2.490000000000000284e+02 9.960000000000000853e+01 6.640000000000000568e+01 1.433211184533098148e+00
1.400000000000000000e+02 0.000000000000000000e+00 1.393000000000000114e+02 1.194000000000000057e+02 7.960000000000000853e+01 4.233957163592680928e-01
1.410000000000000000e+02 1.791000000000000227e+02 9.950000000000001421e+01 1.194000000000000057e+02 7.960000000000000853e+01 1.276774663858495806e+00
1.430000000000000000e+02 5.320000000000000284e+01 1.995000000000000000e+02 7.980000000000001137e+01 5.320000000000000284e+01 4.482594075252741561e-01
1.440000000000000000e+02 2.320000000000000284e+01 1.392000000000000171e+02 1.392000000000000171e+02 9.280000000000001137e+01 1.333052091431961017e-01
1.500000000000000000e+02 1.856000000000000227e+02 9.280000000000001137e+01 1.392000000000000171e+02 9.280000000000001137e+01 1.238317606199047738e+00
1.530000000000000000e+02 5.970000000000000284e+01 7.960000000000000853e+01 1.194000000000000057e+02 7.960000000000000853e+01 5.348952983724268861e-01
1.530000000000000000e+02 2.320000000000000284e+01 2.784000000000000341e+02 1.392000000000000171e+02 9.280000000000001137e+01 1.184755646602821955e-01
1.540000000000000000e+02 2.394000000000000057e+02 5.320000000000000284e+01 7.980000000000001137e+01 5.320000000000000284e+01 2.553245275723119434e-01
1.540000000000000000e+02 3.980000000000000426e+01 1.990000000000000284e+02 1.194000000000000057e+02 7.960000000000000853e+01 2.272768906543403133e-01
1.550000000000000000e+02 3.980000000000000426e+01 1.791000000000000227e+02 1.194000000000000057e+02 7.960000000000000853e+01 4.227186378330660688e-01
1.560000000000000000e+02 3.980000000000000426e+01 9.950000000000001421e+01 1.194000000000000057e+02 7.960000000000000853e+01 6.578761381235258554e-01
1.570000000000000000e+02 7.960000000000000853e+01 1.791000000000000227e+02 1.194000000000000057e+02 7.960000000000000853e+01 1.143046277298376268e-01
1.590000000000000000e+02 3.320000000000000284e+01 4.980000000000000426e+01 9.960000000000000853e+01 6.640000000000000568e+01 1.673828558086270846e+00
1.590000000000000000e+02 3.320000000000000284e+01 3.486000000000000227e+02 9.960000000000000853e+01 6.640000000000000568e+01 1.578602263439342401e+00
1.590000000000000000e+02 4.980000000000000426e+01 1.992000000000000171e+02 9.960000000000000853e+01 6.640000000000000568e+01 1.212266921027377542e+00
1.600000000000000000e+02 3.980000000000000426e+01 7.960000000000000853e+01 1.194000000000000057e+02 7.960000000000000853e+01 1.193697953025134595e-01
1.610000000000000000e+02 2.320000000000000284e+01 1.392000000000000171e+02 1.392000000000000171e+02 9.280000000000001137e+01 8.580291331770384389e-01
1.630000000000000000e+02 2.189000000000000341e+02 1.194000000000000057e+02 1.194000000000000057e+02 7.960000000000000853e+01 2.353816037650569015e-01
1.670000000000000000e+02 5.970000000000000284e+01 9.950000000000001421e+01 1.194000000000000057e+02 7.960000000000000853e+01 1.111805788181179366e+00
1.680000000000000000e+02 8.300000000000000000e+01 3.486000000000000227e+02 9.960000000000000853e+01 6.640000000000000568e+01 1.032161112114307500e+00
1.680000000000000000e+02 1.990000000000000213e+01 1.791000000000000227e+02 1.194000000000000057e+02 7.960000000000000853e+01 7.547862394595803437e-01
1.680000000000000000e+02 5.970000000000000284e+01 5.970000000000000284e+01 1.194000000000000057e+02 7.960000000000000853e+01 1.464878149536002816e+00
1.690000000000000000e+02 0.000000000000000000e+00 9.950000000000001421e+01 1.194000000000000057e+02 7.960000000000000853e+01 2.773121850809419087e-01
1.700000000000000000e+02 7.980000000000001137e+01 6.650000000000000000e+01 7.980000000000001137e+01 5.320000000000000284e+01 1.646158528875570681e+00
1.700000000000000000e+02 0.000000000000000000e+00 2.656000000000000227e+02 9.960000000000000853e+01 6.640000000000000568e+01 1.131741445700695792e+00
1.720000000000000000e+02 6.640000000000000568e+01 2.656000000000000227e+02 9.960000000000000853e+01 6.640000000000000568e+01 5.080958939690738418e-02
1.810000000000000000e+02 6.640000000000000568e+01 1.826000000000000227e+02 9.960000000000000853e+01 6.640000000000000568e+01 5.572333942658476147e-01
1.820000000000000000e+02 3.320000000000000284e+01 4.980000000000000426e+01 9.960000000000000853e+01 6.640000000000000568e+01 6.089533447077410955e-02
1.820000000000000000e+02 3.980000000000000426e+01 2.189000000000000341e+02 1.194000000000000057e+02 7.960000000000000853e+01 5.606660200518858161e-01
1.840000000000000000e+02 0.000000000000000000e+00 2.786000000000000227e+02 1.194000000000000057e+02 7.960000000000000853e+01 7.411216417380490640e-01
1.920000000000000000e+02 2.320000000000000284e+01 1.160000000000000142e+02 1.392000000000000171e+02 9.280000000000001137e+01 2.680965798360279706e-02
1.930000000000000000e+02 4.980000000000000426e+01 2.324000000000000341e+02 9.960000000000000853e+01 6.640000000000000568e+01 9.613568766103508523e-02
1.940000000000000000e+02 1.463000000000000114e+02 3.325000000000000000e+02 7.980000000000001137e+01 5.320000000000000284e+01 1.201355113260040852e-01
1.940000000000000000e+02 1.660000000000000142e+01 4.980000000000000426e+01 9.960000000000000853e+01 6.640000000000000568e+01 6.818021099711586430e-01
1.940000000000000000e+02 6.640000000000000568e+01 1.826000000000000227e+02 9.960000000000000853e+01 6.640000000000000568e+01 3.882030075388032131e-01
1.970000000000000000e+02 7.980000000000001137e+01 1.995000000000000000e+02 7.980000000000001137e+01 5.320000000000000284e+01 4.718744607307456818e-01
1.970000000000000000e+02 3.320000000000000284e+01 1.162000000000000171e+02 9.960000000000000853e+01 6.640000000000000568e+01 8.887682141769612798e-01
2.020000000000000000e+02 2.320000000000000284e+01 1.392000000000000171e+02 1.392000000000000171e+02 9.280000000000001137e+01 5.544145948860634832e-02
2.030000000000000000e+02 1.660000000000000142e+01 8.300000000000000000e+01 9.960000000000000853e+01 6.640000000000000568e+01 2.456014129287300563e-01
2.040000000000000000e+02 9.960000000000000853e+01 1.162000000000000171e+02 9.960000000000000853e+01 6.640000000000000568e+01 1.514191158698082518e+00
2.040000000000000000e+02 1.990000000000000213e+01 2.388000000000000114e+02 1.194000000000000057e+02 7.960000000000000853e+01 4.935057017713129213e-01
2.070000000000000000e+02 2.320000000000000284e+01 1.160000000000000142e+02 1.392000000000000171e+02 9.280000000000001137e+01 6.959347541202829390e-01
2.090000000000000000e+02 0.000000000000000000e+00 1.393000000000000114e+02 1.194000000000000057e+02 7.960000000000000853e+01 1.121221945088398009e+00
2.140000000000000000e+02 6.960000000000000853e+01 1.160000000000000142e+02 1.392000000000000171e+02 9.280000000000001137e+01 1.075311313538763081e+00
2.160000000000000000e+02 3.400000000000000000e+02 7.000000000000000000e+01 6.000000000000000000e+01 4.000000000000000000e+01 6.303565427331223603e-01
2.160000000000000000e+02 0.000000000000000000e+00 3.458000000000000114e+02 7.980000000000001137e+01 5.320000000000000284e+01 3.359300236144138196e-01
2.160000000000000000e+02 1.596000000000000227e+02 2.128000000000000114e+02 7.980000000000001137e+01 5.320000000000000284e+01 9.541945368444357811e-01
2.160000000000000000e+02 3.458000000000000114e+02 1.862000000000000171e+02 7.980000000000001137e+01 5.320000000000000284e+01 3.401987082979331944e-01
2.160000000000000000e+02 0.000000000000000000e+00 9.960000000000000853e+01 9.960000000000000853e+01 6.640000000000000568e+01 6.151493803887220224e-02
2.170000000000000000e+02 3.320000000000000284e+01 2.988000000000000114e+02 9.960000000000000853e+01 6.640000000000000568e+01 8.506452790217267079e-01
2.170000000000000000e+02 0.000000000000000000e+00 1.194000000000000057e+02 1.194000000000000057e+02 7.960000000000000853e+01 4.307944829882757176e-01
2.180000000000000000e+02 3.980000000000000426e+01 1.194000000000000057e+02 1.194000000000000057e+02 7.960000000000000853e+01 3.098974837327439502e-01
2.210000000000000000e+02 6.960000000000000853e+01 1.160000000000000142e+02 1.392000000000000171e+02 9.280000000000001137e+01 3.958183220932944835e-01
2.240000000000000000e+02 2.320000000000000284e+01 3.480000000000000568e+02 1.392000000000000171e+02 9.280000000000001137e+01 2.393127133704284759e-01
2.250000000000000000e+02 2.320000000000000284e+01 9.280000000000001137e+01 1.392000000000000171e+02 9.280000000000001137e+01 8.919878583488927148e-02
2.260000000000000000e+02 1.194000000000000057e+02 9.950000000000001421e+01 1.194000000000000057e+02 7.960000000000000853e+01 4.549417639310950889e-01
2.280000000000000000e+02 2.320000000000000284e+01 6.960000000000000853e+01 1.392000000000000171e+02 9.280000000000001137e+01 3.167153933798880772e-01
2.330000000000000000e+02 2.320000000000000284e+01 9.280000000000001137e+01 1.392000000000000171e+02 9.280000000000001137e+01 1.337513838301358504e-01
2.340000000000000000e+02 9.310000000000000853e+01 2.261000000000000227e+02 7.980000000000001137e+01 5.320000000000000284e+01 1.730198109730922695e-01
2.340000000000000000e+02 3.320000000000000284e+01 8.300000000000000000e+01 9.960000000000000853e+01 6.640000000000000568e+01 2.084354836593558247e-01
2.390000000000000000e+02 2.320000000000000284e+02 1.160000000000000142e+02 1.392000000000000171e+02 9.280000000000001137e+01 1.250209781669247455e+00
2.400000000000000000e+02 5.970000000000000284e+01 7.960000000000000853e+01 1.194000000000000057e+02 7.960000000000000853e+01 1.454898651320474912e+00
2.420000000000000000e+02 3.990000000000000568e+01 3.192000000000000455e+02 7.980000000000001137e+01 5.320000000000000284e+01 8.251451635936213336e-03
2.420000000000000000e+02 5.970000000000000284e+01 9.950000000000001421e+01 1.194000000000000057e+02 7.960000000000000853e+01 1.899353344605279048e-01
2.440000000000000000e+02 1.463000000000000114e+02 1.197000000000000028e+02 7.980000000000001137e+01 5.320000000000000284e+01 3.056418778966385474e-01
2.440000000000000000e+02 1.194000000000000057e+02 9.950000000000001421e+01 1.194000000000000057e+02 7.960000000000000853e+01 2.102089994613720592e-02
2.470000000000000000e+02 3.320000000000000284e+01 9.960000000000000853e+01 9.960000000000000853e+01 6.640000000000000568e+01 7.745348794761817146e-01
2.510000000000000000e+02 1.660000000000000142e+01 1.826000000000000227e+02 9.960000000000000853e+01 6.640000000000000568e+01 6.955851420771379523e-01
2.520000000000000000e+02 6.650000000000000000e+01 2.261000000000000227e+02 7.980000000000001137e+01 5.320000000000000284e+01 2.785917682289769104e-01
2.570000000000000000e+02 3.320000000000000284e+01 9.960000000000000853e+01 9.960000000000000853e+01 6.640000000000000568e+01 1.182672204740070399e+00
2.600000000000000000e+02 1.990000000000000213e+01 1.990000000000000213e+01 1.194000000000000057e+02 7.960000000000000853e+01 4.978331573204286542e-02
2.600000000000000000e+02 3.980000000000000426e+01 3.184000000000000341e+02 1.194000000000000057e+02 7.960000000000000853e+01 1.086118366221764830e+00
2.600000000000000000e+02 2.320000000000000284e+01 1.624000000000000341e+02 1.392000000000000171e+02 9.280000000000001137e+01 1.623614509577778087e+00
2.600000000000000000e+02 2.088000000000000114e+02 2.320000000000000284e+01 1.392000000000000171e+02 9.280000000000001137e+01 4.687299224283156818e-01
2.600000000000000000e+02 2.088000000000000114e+02 1.624000000000000341e+02 1.392000000000000171e+02 9.280000000000001137e+01 2.469128988188584728e+00
2.610000000000000000e+02 3.320000000000000284e+01 1.826000000000000227e+02 9.960000000000000853e+01 6.640000000000000568e+01 2.600957552322924471e-02
2.610000000000000000e+02 1.990000000000000213e+01 1.990000000000000213e+01 1.194000000000000057e+02 7.960000000000000853e+01 4.801831649896382004e-01
2.610000000000000000e+02 2.088000000000000114e+02 2.320000000000000284e+01 1.392000000000000171e+02 9.280000000000001137e+01 6.868822308548754307e-01
2.640000000000000000e+02 2.320000000000000284e+01 2.552000000000000455e+02 1.392000000000000171e+02 9.280000000000001137e+01 5.043910063724936776e-01
2.650000000000000000e+02 6.960000000000000853e+01 1.160000000000000142e+02 1.392000000000000171e+02 9.280000000000001137e+01 3.797907007001795066e-01
2.660000000000000000e+02 6.960000000000000853e+01 0.000000000000000000e+00 1.392000000000000171e+02 9.280000000000001137e+01 7.284411818108988967e-01
2.710000000000000000e+02 4.640000000000000568e+01 1.160000000000000142e+02 1.392000000000000171e+02 9.280000000000001137e+01 7.656960908436651891e-01
2.720000000000000000e+02 4.640000000000000568e+01 6.960000000000000853e+01 1.392000000000000171e+02 9.280000000000001137e+01 4.129265630748335525e-03
2.740000000000000000e+02 1.660000000000000142e+01 3.320000000000000000e+02 9.960000000000000853e+01 6.640000000000000568e+01 5.178165333106967694e-01
2.740000000000000000e+02 6.640000000000000568e+01 1.660000000000000000e+02 9.960000000000000853e+01 6.640000000000000568e+01 2.376991571368858303e-01
2.740000000000000000e+02 3.980000000000000426e+01 1.990000000000000213e+01 1.194000000000000057e+02 7.960000000000000853e+01 1.212547397138101779e+00
2.750000000000000000e+02 1.791000000000000227e+02 1.194000000000000057e+02 1.194000000000000057e+02 7.960000000000000853e+01 1.196297716001338607e+00
2.760000000000000000e+02 3.980000000000000426e+01 2.388000000000000114e+02 1.194000000000000057e+02 7.960000000000000853e+01 7.707255858196546683e-01
2.770000000000000000e+02 2.320000000000000284e+01 1.624000000000000341e+02 1.392000000000000171e+02 9.280000000000001137e+01 6.643304403718737206e-01
2.780000000000000000e+02 0.000000000000000000e+00 6.960000000000000853e+01 1.392000000000000171e+02 9.280000000000001137e+01 5.443455011016595790e-02
2.790000000000000000e+02 2.320000000000000284e+01 1.624000000000000341e+02 1.392000000000000171e+02 9.280000000000001137e+01 1.242239266820205579e+00
2.820000000000000000e+02 0.000000000000000000e+00 3.980000000000000426e+01 1.194000000000000057e+02 7.960000000000000853e+01 1.067565980035044326e+00
2.820000000000000000e+02 3.980000000000000426e+01 1.194000000000000057e+02 1.194000000000000057e+02 7.960000000000000853e+01 2.511505204472666009e-01
2.830000000000000000e+02 2.320000000000000284e+01 9.280000000000001137e+01 1.392000000000000171e+02 9.280000000000001137e+01 3.569512958177245565e-02
2.840000000000000000e+02 2.320000000000000284e+01 1.856000000000000227e+02 1.392000000000000171e+02 9.280000000000001137e+01 5.364696615382893441e-01
2.860000000000000000e+02 1.990000000000000213e+01 1.592000000000000171e+02 1.194000000000000057e+02 7.960000000000000853e+01 3.684857554947731373e-01
2.900000000000000000e+02 6.640000000000000568e+01 1.992000000000000171e+02 9.960000000000000853e+01 6.640000000000000568e+01 4.109512747666510535e-01
2.940000000000000000e+02 1.990000000000000213e+01 9.950000000000001421e+01 1.194000000000000057e+02 7.960000000000000853e+01 2.505456580742393413e-01
2.960000000000000000e+02 0.000000000000000000e+00 1.791000000000000227e+02 1.194000000000000057e+02 7.960000000000000853e+01 8.350842636143172015e-01
2.970000000000000000e+02 6.640000000000000568e+01 8.300000000000000000e+01 9.960000000000000853e+01 6.640000000000000568e+01 1.197389805451858358e+00
2.970000000000000000e+02 1.990000000000000213e+01 1.990000000000000284e+02 1.194000000000000057e+02 7.960000000000000853e+01 2.096263641324913607e-02
2.980000000000000000e+02 1.064000000000000057e+02 9.310000000000000853e+01 7.980000000000001137e+01 5.320000000000000284e+01 4.605432390003159071e-01
2.980000000000000000e+02 1.197000000000000028e+02 2.660000000000000000e+02 7.980000000000001137e+01 5.320000000000000284e+01 4.325449332521822399e-01
3.010000000000000000e+02 9.960000000000000853e+01 6.640000000000000568e+01 9.960000000000000853e+01 6.640000000000000568e+01 2.832115542580533329e-01
3.010000000000000000e+02 1.990000000000000213e+01 1.990000000000000284e+02 1.194000000000000057e+02 7.960000000000000853e+01 8.310589774961254506e-01
3.020000000000000000e+02 6.640000000000000568e+01 1.162000000000000171e+02 9.960000000000000853e+01 6.640000000000000568e+01 1.157282361519348157e+00
3.030000000000000000e+02 4.640000000000000568e+01 1.392000000000000171e+02 1.392000000000000171e+02 9.280000000000001137e+01 5.663227449987902062e-01
3.050000000000000000e+02 3.980000000000000426e+01 1.194000000000000057e+02 1.194000000000000057e+02 7.960000000000000853e+01 5.764572795280846762e-01
3.060000000000000000e+02 3.990000000000000568e+01 3.458000000000000114e+02 7.980000000000001137e+01 5.320000000000000284e+01 6.491425357820306274e-01
3.060000000000000000e+02 5.320000000000000284e+01 1.995000000000000000e+02 7.980000000000001137e+01 5.320000000000000284e+01 1.931762088281230305e-01
3.060000000000000000e+02 1.660000000000000142e+01 4.980000000000000426e+01 9.960000000000000853e+01 6.640000000000000568e+01 2.351448278260930280e+00
3.100000000000000000e+02 1.800000000000000000e+02 2.900000000000000000e+02 6.000000000000000000e+01 4.000000000000000000e+01 3.353455756709129432e-01
3.100000000000000000e+02 2.320000000000000284e+02 2.320000000000000284e+01 1.392000000000000171e+02 9.280000000000001137e+01 1.479151138193587123e+00
3.110000000000000000e+02 1.194000000000000057e+02 1.194000000000000057e+02 1.194000000000000057e+02 7.960000000000000853e+01 1.021765141448734759e+00
3.120000000000000000e+02 6.640000000000000568e+01 2.490000000000000284e+02 9.960000000000000853e+01 6.640000000000000568e+01 9.479589191024748729e-01
3.120000000000000000e+02 3.980000000000000426e+01 1.194000000000000057e+02 1.194000000000000057e+02 7.960000000000000853e+01 3.411396852336601171e-01
3.130000000000000000e+02 1.990000000000000213e+01 9.950000000000001421e+01 1.194000000000000057e+02 7.960000000000000853e+01 2.116425062579544658e+00
3.150000000000000000e+02 9.000000000000000000e+01 7.000000000000000000e+01 6.000000000000000000e+01 4.000000000000000000e+01 2.336928125098092224e-01
3.170000000000000000e+02 4.980000000000000426e+01 1.826000000000000227e+02 9.960000000000000853e+01 6.640000000000000568e+01 1.072638471306495589e+00
3.180000000000000000e+02 1.990000000000000213e+01 1.393000000000000114e+02 1.194000000000000057e+02 7.960000000000000853e+01 6.624014575227938906e-01
3.190000000000000000e+02 5.970000000000000284e+01 3.980000000000000426e+01 1.194000000000000057e+02 7.960000000000000853e+01 1.513621162897258010e+00
3.190000000000000000e+02 4.640000000000000568e+01 3.248000000000000682e+02 1.392000000000000171e+02 9.280000000000001137e+01 1.153886620384225736e-01
3.210000000000000000e+02 1.194000000000000057e+02 1.393000000000000114e+02 1.194000000000000057e+02 7.960000000000000853e+01 1.148060634139635994e-01
3.220000000000000000e+02 0.000000000000000000e+00 1.393000000000000114e+02 1.194000000000000057e+02 7.960000000000000853e+01 3.917936682795328807e-01
3.230000000000000000e+02 1.990000000000000213e+01 1.393000000000000114e+02 1.194000000000000057e+02 7.960000000000000853e+01 5.770490969124502101e-01
3.230000000000000000e+02 4.640000000000000568e+01 2.088000000000000114e+02 1.392000000000000171e+02 9.280000000000001137e+01 3.193144519832005201e-01
3.250000000000000000e+02 3.320000000000000284e+01 1.328000000000000114e+02 9.960000000000000853e+01 6.640000000000000568e+01 8.390896080907008781e-01
3.260000000000000000e+02 4.640000000000000568e+01 2.320000000000000284e+02 1.392000000000000171e+02 9.280000000000001137e+01 7.926633767741391168e-01
3.300000000000000000e+02 1.800000000000000000e+02 0.000000000000000000e+00 6.000000000000000000e+01 4.000000000000000000e+01 4.094565890200474456e-02
3.330000000000000000e+02 1.856000000000000227e+02 6.960000000000000853e+01 1.392000000000000171e+02 9.280000000000001137e+01 1.778525838108580004e-01
3.360000000000000000e+02 2.320000000000000284e+01 6.960000000000000853e+01 1.392000000000000171e+02 9.280000000000001137e+01 2.659687222611228918e-01
3.390000000000000000e+02 1.194000000000000057e+02 1.393000000000000114e+02 1.194000000000000057e+02 7.960000000000000853e+01 9.840615440776900869e-02
3.410000000000000000e+02 2.320000000000000284e+01 9.280000000000001137e+01 1.392000000000000171e+02 9.280000000000001137e+01 6.037538497415217975e-01
3.460000000000000000e+02 2.320000000000000284e+01 1.856000000000000227e+02 1.392000000000000171e+02 9.280000000000001137e+01 9.385484396868388757e-01
3.490000000000000000e+02 3.980000000000000426e+01 1.393000000000000114e+02 1.194000000000000057e+02 7.960000000000000853e+01 1.309338377170238488e+00
3.500000000000000000e+02 7.980000000000001137e+01 3.724000000000000341e+02 7.980000000000001137e+01 5.320000000000000284e+01 6.183169163091886134e-01
3.500000000000000000e+02 0.000000000000000000e+00 6.640000000000000568e+01 9.960000000000000853e+01 6.640000000000000568e+01 9.158450252379557455e-01
3.500000000000000000e+02 6.640000000000000568e+01 2.158000000000000114e+02 9.960000000000000853e+01 6.640000000000000568e+01 2.315273363441797017e+00
3.510000000000000000e+02 7.980000000000001137e+01 2.926000000000000227e+02 7.980000000000001137e+01 5.320000000000000284e+01 6.408368101605361744e-01
3.520000000000000000e+02 3.980000000000000426e+01 1.791000000000000227e+02 1.194000000000000057e+02 7.960000000000000853e+01 8.700924522238109304e-01
3.540000000000000000e+02 5.970000000000000284e+01 1.393000000000000114e+02 1.194000000000000057e+02 7.960000000000000853e+01 8.821405886809747798e-01
3.560000000000000000e+02 2.587000000000000455e+02 1.194000000000000057e+02 1.194000000000000057e+02 7.960000000000000853e+01 1.296482891824217276e+00
3.580000000000000000e+02 5.970000000000000284e+01 2.189000000000000341e+02 1.194000000000000057e+02 7.960000000000000853e+01 9.102865164880036275e-01
3.610000000000000000e+02 1.660000000000000000e+02 1.162000000000000171e+02 9.960000000000000853e+01 6.640000000000000568e+01 6.864009102070589563e-01
3.620000000000000000e+02 3.320000000000000284e+01 3.486000000000000227e+02 9.960000000000000853e+01 6.640000000000000568e+01 1.173101344016234115e+00
3.620000000000000000e+02 1.990000000000000213e+01 5.970000000000000284e+01 1.194000000000000057e+02 7.960000000000000853e+01 1.710172581046345286e-01
3.620000000000000000e+02 1.990000000000000213e+01 1.990000000000000284e+02 1.194000000000000057e+02 7.960000000000000853e+01 9.782991240932688015e-01
3.630000000000000000e+02 6.960000000000000853e+01 9.280000000000001137e+01 1.392000000000000171e+02 9.280000000000001137e+01 1.238202588323558118e-01
3.640000000000000000e+02 3.980000000000000426e+01 2.786000000000000227e+02 1.194000000000000057e+02 7.960000000000000853e+01 4.574902253264516716e-01
3.640000000000000000e+02 1.160000000000000142e+02 4.640000000000000568e+01 1.392000000000000171e+02 9.280000000000001137e+01 1.532802675556884431e+00
3.660000000000000000e+02 3.980000000000000426e+01 9.950000000000001421e+01 1.194000000000000057e+02 7.960000000000000853e+01 1.891398505987575973e-01
3.670000000000000000e+02 5.970000000000000284e+01 1.592000000000000171e+02 1.194000000000000057e+02 7.960000000000000853e+01 3.607361245482580969e-01
3.690000000000000000e+02 3.980000000000000426e+01 1.194000000000000057e+02 1.194000000000000057e+02 7.960000000000000853e+01 2.192818359462034294e-02
3.700000000000000000e+02 0.000000000000000000e+00 1.162000000000000171e+02 9.960000000000000853e+01 6.640000000000000568e+01 7.878522430439538482e-02
3.710000000000000000e+02 1.064000000000000057e+02 1.197000000000000028e+02 7.980000000000001137e+01 5.320000000000000284e+01 5.127380474032712243e-01
3.730000000000000000e+02 2.793000000000000114e+02 1.995000000000000000e+02 7.980000000000001137e+01 5.320000000000000284e+01 1.506672568012845659e-03
3.750000000000000000e+02 3.980000000000000426e+01 1.393000000000000114e+02 1.194000000000000057e+02 7.960000000000000853e+01 1.386964033502238181e-01
3.750000000000000000e+02 3.980000000000000426e+01 2.786000000000000227e+02 1.194000000000000057e+02 7.960000000000000853e+01 2.613542327051927572e-01
3.760000000000000000e+02 4.640000000000000568e+01 1.160000000000000142e+02 1.392000000000000171e+02 9.280000000000001137e+01 1.114942535272559709e+00
3.800000000000000000e+02 5.970000000000000284e+01 9.950000000000001421e+01 1.194000000000000057e+02 7.960000000000000853e+01 2.018082789386228981e+00
3.810000000000000000e+02 2.320000000000000284e+01 1.856000000000000227e+02 1.392000000000000171e+02 9.280000000000001137e+01 7.331311573868504183e-02
3.820000000000000000e+02 1.990000000000000213e+01 9.950000000000001421e+01 1.194000000000000057e+02 7.960000000000000853e+01 1.407947610574394659e+00
3.850000000000000000e+02 3.320000000000000284e+01 2.158000000000000114e+02 9.960000000000000853e+01 6.640000000000000568e+01 4.304966748563527901e-01
3.870000000000000000e+02 2.000000000000000000e+01 1.000000000000000000e+02 6.000000000000000000e+01 4.000000000000000000e+01 6.108796309348036857e-01
3.900000000000000000e+02 9.950000000000001421e+01 1.990000000000000284e+02 1.194000000000000057e+02 7.960000000000000853e+01 1.254570695351686638e-01
3.950000000000000000e+02 2.660000000000000142e+01 6.650000000000000000e+01 7.980000000000001137e+01 5.320000000000000284e+01 2.610058365736840358e-01
3.970000000000000000e+02 0.000000000000000000e+00 1.393000000000000114e+02 1.194000000000000057e+02 7.960000000000000853e+01 9.051317659436204366e-01
4.000000000000000000e+02 1.064000000000000057e+02 2.926000000000000227e+02 7.980000000000001137e+01 5.320000000000000284e+01 6.452256074433293520e-02
4.000000000000000000e+02 1.990000000000000213e+01 7.960000000000000853e+01 1.194000000000000057e+02 7.960000000000000853e+01 1.128809996801390270e+00
4.000000000000000000e+02 7.960000000000000853e+01 2.985000000000000568e+02 1.194000000000000057e+02 7.960000000000000853e+01 2.922987823991896050e-02
4.010000000000000000e+02 2.324000000000000341e+02 8.300000000000000000e+01 9.960000000000000853e+01 6.640000000000000568e+01 9.029790290387564866e-01
4.020000000000000000e+02 1.162000000000000171e+02 1.660000000000000142e+01 9.960000000000000853e+01 6.640000000000000568e+01 3.549991667880370017e-02
4.030000000000000000e+02 4.980000000000000426e+01 1.328000000000000114e+02 9.960000000000000853e+01 6.640000000000000568e+01 5.931168353087059586e-01
4.050000000000000000e+02 9.280000000000001137e+01 1.392000000000000171e+02 1.392000000000000171e+02 9.280000000000001137e+01 2.748593951959410475e-02
4.060000000000000000e+02 1.660000000000000142e+01 1.826000000000000227e+02 9.960000000000000853e+01 6.640000000000000568e+01 1.276475605829926252e+00
4.080000000000000000e+02 2.320000000000000284e+01 4.640000000000000568e+01 1.392000000000000171e+02 9.280000000000001137e+01 1.117694742572659550e+00
4.090000000000000000e+02 2.320000000000000284e+01 1.624000000000000341e+02 1.392000000000000171e+02 9.280000000000001137e+01 4.937969036177074500e-01
4.100000000000000000e+02 3.980000000000000426e+01 1.194000000000000057e+02 1.194000000000000057e+02 7.960000000000000853e+01 1.094639798332691427e+00
4.110000000000000000e+02 1.791000000000000227e+02 1.393000000000000114e+02 1.194000000000000057e+02 7.960000000000000853e+01 2.492424414623606310e-02
4.140000000000000000e+02 2.320000000000000284e+01 9.280000000000001137e+01 1.392000000000000171e+02 9.280000000000001137e+01 2.996575132139431830e-01
4.170000000000000000e+02 1.660000000000000142e+01 1.328000000000000114e+02 9.960000000000000853e+01 6.640000000000000568e+01 1.321526358297617776e-01
4.170000000000000000e+02 3.320000000000000284e+01 1.162000000000000171e+02 9.960000000000000853e+01 6.640000000000000568e+01 8.401127420258980294e-02
4.200000000000000000e+02 1.197000000000000028e+02 1.330000000000000000e+02 7.980000000000001137e+01 5.320000000000000284e+01 1.125425952631646354e+00
4.200000000000000000e+02 6.640000000000000568e+01 2.324000000000000341e+02 9.960000000000000853e+01 6.640000000000000568e+01 1.635071243201338120e-01
4.230000000000000000e+02 1.660000000000000142e+01 6.640000000000000568e+01 9.960000000000000853e+01 6.640000000000000568e+01 1.026258910569738170e+00
4.230000000000000000e+02 8.300000000000000000e+01 3.154000000000000341e+02 9.960000000000000853e+01 6.640000000000000568e+01 1.770773759684525217e-01
4.230000000000000000e+02 9.960000000000000853e+01 2.158000000000000114e+02 9.960000000000000853e+01 6.640000000000000568e+01 5.243693234946418258e-01
4.240000000000000000e+02 1.393000000000000114e+02 1.393000000000000114e+02 1.194000000000000057e+02 7.960000000000000853e+01 2.968945160802665129e-01
4.260000000000000000e+02 1.990000000000000213e+01 1.194000000000000057e+02 1.194000000000000057e+02 7.960000000000000853e+01 1.241723393866426939e+00
4.270000000000000000e+02 1.330000000000000071e+01 1.330000000000000000e+02 7.980000000000001137e+01 5.320000000000000284e+01 2.656816477813226385e-01
4.270000000000000000e+02 1.330000000000000071e+01 2.394000000000000057e+02 7.980000000000001137e+01 5.320000000000000284e+01 4.354195340225341937e-02
4.270000000000000000e+02 2.660000000000000142e+01 3.990000000000000568e+01 7.980000000000001137e+01 5.320000000000000284e+01 2.993012251453013306e-01
4.310000000000000000e+02 2.320000000000000284e+01 1.856000000000000227e+02 1.392000000000000171e+02 9.280000000000001137e+01 5.363161802999698580e-01
4.320000000000000000e+02 2.320000000000000284e+01 1.856000000000000227e+02 1.392000000000000171e+02 9.280000000000001137e+01 3.192704998669890770e-01
4.330000000000000000e+02 9.950000000000001421e+01 2.587000000000000455e+02 1.194000000000000057e+02 7.960000000000000853e+01 2.713649013754650952e-01
4.330000000000000000e+02 6.960000000000000853e+01 1.160000000000000142e+02 1.392000000000000171e+02 9.280000000000001137e+01 2.887611022635825364e-01
4.340000000000000000e+02 3.990000000000000568e+01 3.059000000000000341e+02 7.980000000000001137e+01 5.320000000000000284e+01 5.514923212835221022e-01
4.340000000000000000e+02 1.660000000000000142e+01 6.640000000000000568e+01 9.960000000000000853e+01 6.640000000000000568e+01 6.333920329722557696e-01
4.350000000000000000e+02 3.320000000000000284e+01 3.652000000000000455e+02 9.960000000000000853e+01 6.640000000000000568e+01 2.348285857215781647e-02
4.350000000000000000e+02 4.980000000000000426e+01 6.640000000000000568e+01 9.960000000000000853e+01 6.640000000000000568e+01 6.552025988882750340e-01
4.360000000000000000e+02 1.660000000000000142e+01 1.162000000000000171e+02 9.960000000000000853e+01 6.640000000000000568e+01 1.958266473407720198e+00
4.390000000000000000e+02 1.990000000000000213e+01 1.791000000000000227e+02 1.194000000000000057e+02 7.960000000000000853e+01 1.849090855751976292e+00
4.400000000000000000e+02 1.660000000000000142e+01 9.960000000000000853e+01 9.960000000000000853e+01 6.640000000000000568e+01 2.255659293880434291e-01
4.420000000000000000e+02 1.660000000000000142e+01 1.826000000000000227e+02 9.960000000000000853e+01 6.640000000000000568e+01 1.176729041099763506e+00
4.470000000000000000e+02 9.960000000000000853e+01 1.660000000000000000e+02 9.960000000000000853e+01 6.640000000000000568e+01 1.163348548036989172e+00
4.470000000000000000e+02 2.320000000000000284e+01 4.640000000000000568e+01 1.392000000000000171e+02 9.280000000000001137e+01 3.200100042093323438e-01
4.480000000000000000e+02 4.640000000000000568e+01 2.552000000000000455e+02 1.392000000000000171e+02 9.280000000000001137e+01 2.539259410897543034e-02
4.500000000000000000e+02 4.640000000000000568e+01 1.160000000000000142e+02 1.392000000000000171e+02 9.280000000000001137e+01 3.357550209383610706e-01
4.530000000000000000e+02 1.791000000000000227e+02 1.194000000000000057e+02 1.194000000000000057e+02 7.960000000000000853e+01 1.566639052866692694e+00
4.580000000000000000e+02 1.463000000000000114e+02 1.330000000000000000e+02 7.980000000000001137e+01 5.320000000000000284e+01 1.584110140618655294e-01
4.580000000000000000e+02 2.320000000000000284e+01 1.624000000000000341e+02 1.392000000000000171e+02 9.280000000000001137e+01 3.644834659279228006e-01
4.590000000000000000e+02 0.000000000000000000e+00 2.822000000000000455e+02 9.960000000000000853e+01 6.640000000000000568e+01 7.483917398744468485e-01
4.640000000000000000e+02 3.320000000000000284e+01 1.162000000000000171e+02 9.960000000000000853e+01 6.640000000000000568e+01 5.585807308013022165e-01
4.670000000000000000e+02 1.990000000000000213e+01 3.980000000000000426e+01 1.194000000000000057e+02 7.960000000000000853e+01 4.590942901565666645e-01
4.680000000000000000e+02 1.660000000000000142e+01 8.300000000000000000e+01 9.960000000000000853e+01 6.640000000000000568e+01 5.246135751549196868e-01
4.680000000000000000e+02 4.980000000000000426e+01 2.822000000000000455e+02 9.960000000000000853e+01 6.640000000000000568e+01 1.216538466882195912e+00
4.690000000000000000e+02 1.064000000000000057e+02 2.660000000000000000e+02 7.980000000000001137e+01 5.320000000000000284e+01 1.749785675348940472e-01
4.690000000000000000e+02 2.320000000000000284e+01 1.392000000000000171e+02 1.392000000000000171e+02 9.280000000000001137e+01 1.833405105773218580e+00
4.690000000000000000e+02 6.960000000000000853e+01 2.320000000000000284e+01 1.392000000000000171e+02 9.280000000000001137e+01 6.610362209123765709e-01
4.720000000000000000e+02 1.990000000000000213e+01 0.000000000000000000e+00 1.194000000000000057e+02 7.960000000000000853e+01 7.862748750809975817e-01
4.760000000000000000e+02 6.650000000000000000e+01 2.527000000000000171e+02 7.980000000000001137e+01 5.320000000000000284e+01 1.456794070296263399e-01
4.760000000000000000e+02 1.660000000000000142e+01 3.652000000000000455e+02 9.960000000000000853e+01 6.640000000000000568e+01 1.631680896047492446e+00
4.760000000000000000e+02 0.000000000000000000e+00 7.960000000000000853e+01 1.194000000000000057e+02 7.960000000000000853e+01 4.283124591390397029e-02
4.790000000000000000e+02 3.320000000000000284e+01 1.992000000000000171e+02 9.960000000000000853e+01 6.640000000000000568e+01 5.021458092236423809e-01
4.800000000000000000e+02 8.300000000000000000e+01 4.980000000000000426e+01 9.960000000000000853e+01 6.640000000000000568e+01 1.621229069189841887e+00
4.800000000000000000e+02 1.990000000000000213e+01 2.189000000000000341e+02 1.194000000000000057e+02 7.960000000000000853e+01 1.149814090943337419e-01
4.820000000000000000e+02 5.970000000000000284e+01 7.960000000000000853e+01 1.194000000000000057e+02 7.960000000000000853e+01 2.396938859041117809e-01
4.840000000000000000e+02 2.660000000000000142e+01 1.596000000000000227e+02 7.980000000000001137e+01 5.320000000000000284e+01 4.076237722495790194e-01
4.850000000000000000e+02 1.990000000000000213e+01 1.592000000000000171e+02 1.194000000000000057e+02 7.960000000000000853e+01 5.609965685158124771e-01
4.870000000000000000e+02 1.990000000000000213e+01 7.960000000000000853e+01 1.194000000000000057e+02 7.960000000000000853e+01 8.246001524700465879e-01
4.880000000000000000e+02 1.660000000000000142e+01 1.162000000000000171e+02 9.960000000000000853e+01 6.640000000000000568e+01 4.132997450581576970e-01
4.900000000000000000e+02 3.980000000000000426e+01 1.791000000000000227e+02 1.194000000000000057e+02 7.960000000000000853e+01 2.023465202971657106e-01
4.910000000000000000e+02 2.320000000000000284e+01 1.392000000000000171e+02 1.392000000000000171e+02 9.280000000000001137e+01 1.417579563470977355e+00
4.920000000000000000e+02 1.100000000000000000e+02 2.000000000000000000e+01 6.000000000000000000e+01 4.000000000000000000e+01 3.283390688886083097e-01
4.920000000000000000e+02 3.320000000000000284e+01 9.960000000000000853e+01 9.960000000000000853e+01 6.640000000000000568e+01 4.961103121096632762e-01
4.940000000000000000e+02 2.320000000000000284e+01 1.856000000000000227e+02 1.392000000000000171e+02 9.280000000000001137e+01 1.390835082848305149e-01
4.970000000000000000e+02 5.970000000000000284e+01 9.950000000000001421e+01 1.194000000000000057e+02 7.960000000000000853e+01 1.579414842522342433e+00
4.990000000000000000e+02 6.640000000000000568e+01 1.660000000000000142e+01 9.960000000000000853e+01 6.640000000000000568e+01 3.407284433516242217e-01
4.990000000000000000e+02 6.640000000000000568e+01 1.328000000000000114e+02 9.960000000000000853e+01 6.640000000000000568e+01 4.988695542444627762e-01
4.990000000000000000e+02 6.640000000000000568e+01 2.490000000000000284e+02 9.960000000000000853e+01 6.640000000000000568e+01 6.674050132045437067e-01
4.990000000000000000e+02 6.640000000000000568e+01 3.486000000000000227e+02 9.960000000000000853e+01 6.640000000000000568e+01 2.935237774078141015e-01
5.020000000000000000e+02 1.660000000000000142e+01 2.822000000000000455e+02 9.960000000000000853e+01 6.640000000000000568e+01 5.247625637620085826e-01
5.020000000000000000e+02 1.990000000000000213e+01 5.970000000000000284e+01 1.194000000000000057e+02 7.960000000000000853e+01 9.280807758103710725e-01
5.040000000000000000e+02 0.000000000000000000e+00 1.660000000000000000e+02 9.960000000000000853e+01 6.640000000000000568e+01 9.803098357241006866e-01
5.060000000000000000e+02 3.980000000000000426e+01 1.194000000000000057e+02 1.194000000000000057e+02 7.960000000000000853e+01 1.124232392886703735e-02
5.190000000000000000e+02 2.320000000000000284e+01 9.280000000000001137e+01 1.392000000000000171e+02 9.280000000000001137e+01 7.389917730598476453e-01
5.190000000000000000e+02 6.960000000000000853e+01 2.784000000000000341e+02 1.392000000000000171e+02 9.280000000000001137e+01 4.161033345972597886e-01
5.210000000000000000e+02 1.392000000000000171e+02 4.640000000000000568e+01 1.392000000000000171e+02 9.280000000000001137e+01 5.407505464140438534e-01
5.220000000000000000e+02 4.640000000000000568e+01 9.280000000000001137e+01 1.392000000000000171e+02 9.280000000000001137e+01 4.027408968237109477e-01
5.230000000000000000e+02 1.990000000000000213e+01 1.791000000000000227e+02 1.194000000000000057e+02 7.960000000000000853e+01 3.207807210626913985e-01
5.240000000000000000e+02 6.640000000000000568e+01 1.162000000000000171e+02 9.960000000000000853e+01 6.640000000000000568e+01 5.661131574968161217e-01
5.250000000000000000e+02 6.960000000000000853e+01 6.960000000000000853e+01 1.392000000000000171e+02 9.280000000000001137e+01 7.368974406418669076e-01
5.260000000000000000e+02 2.660000000000000142e+01 1.463000000000000114e+02 7.980000000000001137e+01 5.320000000000000284e+01 1.428875131815399158e-02
5.280000000000000000e+02 2.660000000000000142e+01 6.650000000000000000e+01 7.980000000000001137e+01 5.320000000000000284e+01 2.904503528468742601e-01
5.280000000000000000e+02 0.000000000000000000e+00 2.490000000000000284e+02 9.960000000000000853e+01 6.640000000000000568e+01 1.392213961952307066e+00
5.280000000000000000e+02 0.000000000000000000e+00 5.970000000000000284e+01 1.194000000000000057e+02 7.960000000000000853e+01 9.696917399114681757e-01
5.340000000000000000e+02 9.280000000000001137e+01 4.640000000000000568e+01 1.392000000000000171e+02 9.280000000000001137e+01 1.048525642521529022e+00
5.360000000000000000e+02 1.197000000000000028e+02 2.261000000000000227e+02 7.980000000000001137e+01 5.320000000000000284e+01 1.772243060593332586e-01
5.360000000000000000e+02 7.960000000000000853e+01 1.592000000000000171e+02 1.194000000000000057e+02 7.960000000000000853e+01 2.541046893605791723e-02
5.470000000000000000e+02 0.000000000000000000e+00 1.624000000000000341e+02 1.392000000000000171e+02 9.280000000000001137e+01 1.272476762419737284e+00
5.480000000000000000e+02 9.310000000000000853e+01 1.729000000000000057e+02 7.980000000000001137e+01 5.320000000000000284e+01 2.227863363975304267e-01
5.490000000000000000e+02 1.990000000000000213e+01 5.970000000000000284e+01 1.194000000000000057e+02 7.960000000000000853e+01 3.664543077219875045e-01
5.490000000000000000e+02 2.587000000000000455e+02 7.960000000000000853e+01 1.194000000000000057e+02 7.960000000000000853e+01 5.867373276207565880e-03
5.490000000000000000e+02 6.960000000000000853e+01 1.624000000000000341e+02 1.392000000000000171e+02 9.280000000000001137e+01 2.762439978379118699e-01
5.520000000000000000e+02 6.960000000000000853e+01 6.960000000000000853e+01 1.392000000000000171e+02 9.280000000000001137e+01 1.088379116650317613e-01
5.540000000000000000e+02 1.990000000000000213e+01 5.970000000000000284e+01 1.194000000000000057e+02 7.960000000000000853e+01 5.547824911322507546e-02
5.540000000000000000e+02 2.320000000000000284e+01 2.552000000000000455e+02 1.392000000000000171e+02 9.280000000000001137e+01 1.991442292426002680e+00
5.550000000000000000e+02 0.000000000000000000e+00 9.950000000000001421e+01 1.194000000000000057e+02 7.960000000000000853e+01 2.396315457329915688e+00
5.580000000000000000e+02 1.660000000000000142e+01 1.162000000000000171e+02 9.960000000000000853e+01 6.640000000000000568e+01 4.619886544643492243e-02
5.590000000000000000e+02 2.320000000000000284e+01 2.320000000000000284e+02 1.392000000000000171e+02 9.280000000000001137e+01 5.088354117191391524e-01
5.600000000000000000e+02 2.320000000000000284e+01 9.280000000000001137e+01 1.392000000000000171e+02 9.280000000000001137e+01 2.074735929310369542e-01
5.630000000000000000e+02 3.000000000000000000e+01 2.000000000000000000e+01 6.000000000000000000e+01 4.000000000000000000e+01 4.700120323453047533e-01
5.630000000000000000e+02 1.660000000000000142e+01 1.162000000000000171e+02 9.960000000000000853e+01 6.640000000000000568e+01 1.219821492950998731e-01
5.660000000000000000e+02 6.960000000000000853e+01 1.160000000000000142e+02 1.392000000000000171e+02 9.280000000000001137e+01 1.220621165783981610e-01
5.670000000000000000e+02 2.320000000000000284e+01 1.392000000000000171e+02 1.392000000000000171e+02 9.280000000000001137e+01 2.303925979141601132e-01
5.680000000000000000e+02 3.980000000000000426e+01 2.189000000000000341e+02 1.194000000000000057e+02 7.960000000000000853e+01 3.075849405092609956e-01
5.680000000000000000e+02 1.393000000000000114e+02 3.383000000000000114e+02 1.194000000000000057e+02 7.960000000000000853e+01 2.309006604496488535e-01
5.690000000000000000e+02 5.970000000000000284e+01 1.592000000000000171e+02 1.194000000000000057e+02 7.960000000000000853e+01 3.790209407560913846e-01
5.700000000000000000e+02 1.990000000000000213e+01 1.194000000000000057e+02 1.194000000000000057e+02 7.960000000000000853e+01 5.249297041886658022e-01
5.720000000000000000e+02 1.197000000000000028e+02 1.729000000000000057e+02 7.980000000000001137e+01 5.320000000000000284e+01 1.514253511957148746e-01
5.720000000000000000e+02 3.980000000000000426e+01 1.592000000000000171e+02 1.194000000000000057e+02 7.960000000000000853e+01 2.519081075460682939e-02
5.730000000000000000e+02 4.980000000000000426e+01 1.162000000000000171e+02 9.960000000000000853e+01 6.640000000000000568e+01 4.814105983422907187e-01
5.750000000000000000e+02 7.960000000000000853e+01 2.985000000000000568e+02 1.194000000000000057e+02 7.960000000000000853e+01 8.901564394777921052e-01
5.800000000000000000e+02 6.640000000000000568e+01 1.162000000000000171e+02 9.960000000000000853e+01 6.640000000000000568e+01 5.041797770852749494e-01
5.810000000000000000e+02 1.990000000000000213e+01 1.194000000000000057e+02 1.194000000000000057e+02 7.960000000000000853e+01 1.250136907966806099e+00
5.830000000000000000e+02 9.960000000000000853e+01 1.992000000000000171e+02 9.960000000000000853e+01 6.640000000000000568e+01 8.544827497617291101e-02
5.850000000000000000e+02 3.320000000000000284e+01 6.640000000000000568e+01 9.960000000000000853e+01 6.640000000000000568e+01 8.332927899144983996e-01
5.890000000000000000e+02 3.400000000000000000e+02 1.700000000000000000e+02 6.000000000000000000e+01 4.000000000000000000e+01 1.144140241254243406e-01
5.890000000000000000e+02 1.990000000000000213e+01 1.194000000000000057e+02 1.194000000000000057e+02 7.960000000000000853e+01 1.794181882285178276e+00
5.910000000000000000e+02 3.980000000000000426e+01 5.970000000000000284e+01 1.194000000000000057e+02 7.960000000000000853e+01 2.333348332017681770e-02
5.910000000000000000e+02 7.960000000000000853e+01 1.990000000000000284e+02 1.194000000000000057e+02 7.960000000000000853e+01 9.322082766567332257e-01
5.930000000000000000e+02 9.280000000000001137e+01 1.160000000000000142e+02 1.392000000000000171e+02 9.280000000000001137e+01 2.197311197837494845e-01
5.950000000000000000e+02 4.640000000000000568e+01 1.624000000000000341e+02 1.392000000000000171e+02 9.280000000000001137e+01 4.186523030764526254e-01
5.970000000000000000e+02 1.660000000000000142e+01 1.826000000000000227e+02 9.960000000000000853e+01 6.640000000000000568e+01 2.049197376998250775e-01
5.970000000000000000e+02 4.980000000000000426e+01 1.660000000000000000e+02 9.960000000000000853e+01 6.640000000000000568e+01 1.052932077236482300e+00
5.970000000000000000e+02 1.194000000000000057e+02 2.189000000000000341e+02 1.194000000000000057e+02 7.960000000000000853e+01 6.583129133819998202e-02
5.990000000000000000e+02 1.660000000000000142e+01 1.494000000000000057e+02 9.960000000000000853e+01 6.640000000000000568e+01 5.262094879710907946e-01
6.000000000000000000e+02 2.320000000000000284e+01 9.280000000000001137e+01 1.392000000000000171e+02 9.280000000000001137e+01 1.202723374173240600e+00
6.020000000000000000e+02 9.960000000000000853e+01 1.328000000000000114e+02 9.960000000000000853e+01 6.640000000000000568e+01 8.562854318678807530e-01
6.040000000000000000e+02 1.990000000000000213e+01 5.970000000000000284e+01 1.194000000000000057e+02 7.960000000000000853e+01 1.363188649640524552e+00
6.060000000000000000e+02 2.660000000000000142e+01 1.064000000000000057e+02 7.980000000000001137e+01 5.320000000000000284e+01 6.171450208424307249e-01
6.090000000000000000e+02 3.320000000000000284e+01 1.162000000000000171e+02 9.960000000000000853e+01 6.640000000000000568e+01 1.908746309979347799e-01
6.140000000000000000e+02 0.000000000000000000e+00 1.393000000000000114e+02 1.194000000000000057e+02 7.960000000000000853e+01 1.348157313878087571e+00
6.160000000000000000e+02 4.640000000000000568e+01 9.280000000000001137e+01 1.392000000000000171e+02 9.280000000000001137e+01 5.832325730379475104e-01
6.170000000000000000e+02 3.320000000000000284e+01 1.328000000000000114e+02 9.960000000000000853e+01 6.640000000000000568e+01 9.298455802087337574e-01
6.170000000000000000e+02 4.980000000000000426e+01 2.490000000000000284e+02 9.960000000000000853e+01 6.640000000000000568e+01 5.696197034378425172e-02
6.170000000000000000e+02 3.980000000000000426e+01 3.383000000000000114e+02 1.194000000000000057e+02 7.960000000000000853e+01 6.005406014936438552e-01
6.170000000000000000e+02 2.320000000000000284e+01 4.640000000000000568e+01 1.392000000000000171e+02 9.280000000000001137e+01 8.530266433087341227e-01
6.200000000000000000e+02 1.729000000000000057e+02 5.320000000000000284e+01 7.980000000000001137e+01 5.320000000000000284e+01 1.736749143260620798e-01
6.210000000000000000e+02 6.650000000000000000e+01 1.729000000000000057e+02 7.980000000000001137e+01 5.320000000000000284e+01 7.964190549486387383e-01
6.210000000000000000e+02 0.000000000000000000e+00 1.990000000000000213e+01 1.194000000000000057e+02 7.960000000000000853e+01 1.925980437204168894e-01
6.280000000000000000e+02 0.000000000000000000e+00 1.160000000000000142e+02 1.392000000000000171e+02 9.280000000000001137e+01 3.147928945944657997e-01
6.300000000000000000e+02 2.500000000000000000e+02 5.000000000000000000e+01 6.000000000000000000e+01 4.000000000000000000e+01 1.628736230577798594e-01
6.320000000000000000e+02 1.660000000000000142e+01 8.300000000000000000e+01 9.960000000000000853e+01 6.640000000000000568e+01 1.808186350123735409e+00
6.340000000000000000e+02 3.320000000000000284e+01 1.660000000000000000e+02 9.960000000000000853e+01 6.640000000000000568e+01 1.668924628628580820e-01
6.360000000000000000e+02 6.960000000000000853e+01 1.392000000000000171e+02 1.392000000000000171e+02 9.280000000000001137e+01 1.650778423251701099e+00
6.370000000000000000e+02 4.640000000000000568e+01 4.640000000000000568e+01 1.392000000000000171e+02 9.280000000000001137e+01 5.151297764413973468e-01
6.370000000000000000e+02 4.640000000000000568e+01 2.784000000000000341e+02 1.392000000000000171e+02 9.280000000000001137e+01 1.224534232397633815e-02
6.380000000000000000e+02 8.300000000000000000e+01 1.660000000000000000e+02 9.960000000000000853e+01 6.640000000000000568e+01 2.083376277629342965e-01
6.400000000000000000e+02 1.660000000000000142e+01 8.300000000000000000e+01 9.960000000000000853e+01 6.640000000000000568e+01 8.770589505133115082e-01
6.410000000000000000e+02 6.650000000000000000e+01 1.596000000000000227e+02 7.980000000000001137e+01 5.320000000000000284e+01 4.192734986705923816e-01
6.410000000000000000e+02 1.660000000000000142e+01 6.640000000000000568e+01 9.960000000000000853e+01 6.640000000000000568e+01 4.169641057227035930e-01
6.420000000000000000e+02 3.320000000000000284e+01 1.826000000000000227e+02 9.960000000000000853e+01 6.640000000000000568e+01 5.237226340794709500e-02
6.430000000000000000e+02 0.000000000000000000e+00 2.320000000000000284e+02 1.392000000000000171e+02 9.280000000000001137e+01 8.224909821374275509e-01
6.470000000000000000e+02 9.310000000000000853e+01 1.330000000000000000e+02 7.980000000000001137e+01 5.320000000000000284e+01 2.810792942819455575e-01
6.490000000000000000e+02 1.328000000000000114e+02 1.328000000000000114e+02 9.960000000000000853e+01 6.640000000000000568e+01 1.366618117023747914e-01
6.500000000000000000e+02 1.392000000000000171e+02 9.280000000000001137e+01 1.392000000000000171e+02 9.280000000000001137e+01 1.412710582139320437e-01
6.510000000000000000e+02 4.980000000000000426e+01 9.960000000000000853e+01 9.960000000000000853e+01 6.640000000000000568e+01 1.483413390843053570e+00
6.530000000000000000e+02 3.320000000000000284e+01 3.320000000000000000e+02 9.960000000000000853e+01 6.640000000000000568e+01 3.388575427012217034e-01
6.530000000000000000e+02 0.000000000000000000e+00 0.000000000000000000e+00 1.392000000000000171e+02 9.280000000000001137e+01 3.542081371495955366e-01
6.550000000000000000e+02 2.320000000000000284e+01 3.248000000000000682e+02 1.392000000000000171e+02 9.280000000000001137e+01 4.224733536596891881e-01
6.570000000000000000e+02 4.980000000000000426e+01 2.490000000000000284e+02 9.960000000000000853e+01 6.640000000000000568e+01 1.481343810968739128e+00
6.600000000000000000e+02 6.960000000000000853e+01 1.160000000000000142e+02 1.392000000000000171e+02 9.280000000000001137e+01 6.725795817714512737e-01
6.610000000000000000e+02 1.990000000000000213e+01 1.194000000000000057e+02 1.194000000000000057e+02 7.960000000000000853e+01 1.053608647804904486e+00
6.620000000000000000e+02 4.980000000000000426e+01 8.300000000000000000e+01 9.960000000000000853e+01 6.640000000000000568e+01 1.526030949296508510e-01
6.630000000000000000e+02 4.640000000000000568e+01 1.160000000000000142e+02 1.392000000000000171e+02 9.280000000000001137e+01 1.398944430596662514e-01
6.640000000000000000e+02 6.640000000000000568e+01 2.158000000000000114e+02 9.960000000000000853e+01 6.640000000000000568e+01 2.816919478745658623e-01
6.670000000000000000e+02 2.320000000000000284e+01 2.552000000000000455e+02 1.392000000000000171e+02 9.280000000000001137e+01 4.052239847695826569e-02
6.680000000000000000e+02 2.394000000000000057e+02 1.596000000000000227e+02 7.980000000000001137e+01 5.320000000000000284e+01 4.731738459571079858e-01
6.690000000000000000e+02 1.990000000000000213e+01 5.970000000000000284e+01 1.194000000000000057e+02 7.960000000000000853e+01 9.451286217506229548e-01
6.710000000000000000e+02 4.640000000000000568e+01 9.280000000000001137e+01 1.392000000000000171e+02 9.280000000000001137e+01 3.407245383832204766e-01
6.730000000000000000e+02 1.197000000000000028e+02 2.527000000000000171e+02 7.980000000000001137e+01 5.320000000000000284e+01 2.620045469933351967e-02
6.730000000000000000e+02 2.320000000000000284e+01 9.280000000000001137e+01 1.392000000000000171e+02 9.280000000000001137e+01 4.485384394277236453e-01
6.740000000000000000e+02 3.980000000000000426e+01 1.592000000000000171e+02 1.194000000000000057e+02 7.960000000000000853e+01 8.095097225454574996e-01
6.750000000000000000e+02 3.600000000000000000e+02 0.000000000000000000e+00 6.000000000000000000e+01 4.000000000000000000e+01 2.618559088144856162e-02
6.770000000000000000e+02 1.330000000000000071e+01 1.729000000000000057e+02 7.980000000000001137e+01 5.320000000000000284e+01 7.521337558465113204e-02
6.820000000000000000e+02 3.320000000000000284e+01 8.300000000000000000e+01 9.960000000000000853e+01 6.640000000000000568e+01 1.394225076838572441e+00
6.830000000000000000e+02 7.960000000000000853e+01 2.189000000000000341e+02 1.194000000000000057e+02 7.960000000000000853e+01 1.051632617539072889e+00
6.840000000000000000e+02 2.320000000000000284e+01 1.160000000000000142e+02 1.392000000000000171e+02 9.280000000000001137e+01 3.734817303797921539e-02
6.850000000000000000e+02 1.862000000000000171e+02 1.197000000000000028e+02 7.980000000000001137e+01 5.320000000000000284e+01 9.420939171211974994e-01
6.870000000000000000e+02 0.000000000000000000e+00 3.184000000000000341e+02 1.194000000000000057e+02 7.960000000000000853e+01 1.324938938138382483e+00
6.900000000000000000e+02 4.980000000000000426e+01 8.300000000000000000e+01 9.960000000000000853e+01 6.640000000000000568e+01 1.206773659126314513e-01
6.910000000000000000e+02 6.960000000000000853e+01 2.320000000000000284e+02 1.392000000000000171e+02 9.280000000000001137e+01 1.119694616017774536e-02
6.940000000000000000e+02 1.660000000000000142e+01 1.328000000000000114e+02 9.960000000000000853e+01 6.640000000000000568e+01 3.619563862088854833e-01
6.950000000000000000e+02 1.990000000000000213e+01 1.194000000000000057e+02 1.194000000000000057e+02 7.960000000000000853e+01 1.365786025419792438e+00
7.000000000000000000e+02 9.280000000000001137e+01 1.392000000000000171e+02 1.392000000000000171e+02 9.280000000000001137e+01 2.322476240530004787e-01
7.020000000000000000e+02 1.494000000000000057e+02 2.490000000000000284e+02 9.960000000000000853e+01 6.640000000000000568e+01 1.001021525403147372e+00
7.030000000000000000e+02 3.980000000000000426e+01 7.960000000000000853e+01 1.194000000000000057e+02 7.960000000000000853e+01 1.261765536448419489e+00
7.040000000000000000e+02 5.320000000000000284e+01 3.990000000000000568e+01 7.980000000000001137e+01 5.320000000000000284e+01 1.655033257951767922e-01
7.060000000000000000e+02 1.990000000000000213e+01 1.791000000000000227e+02 1.194000000000000057e+02 7.960000000000000853e+01 7.550423219005164555e-02
7.100000000000000000e+02 0.000000000000000000e+00 2.388000000000000114e+02 1.194000000000000057e+02 7.960000000000000853e+01 1.601952800376649222e-01
7.110000000000000000e+02 1.330000000000000071e+01 1.197000000000000028e+02 7.980000000000001137e+01 5.320000000000000284e+01 1.046296839654088373e+00
7.140000000000000000e+02 1.660000000000000142e+01 1.826000000000000227e+02 9.960000000000000853e+01 6.640000000000000568e+01 6.625600932979995861e-01
7.140000000000000000e+02 0.000000000000000000e+00 2.587000000000000455e+02 1.194000000000000057e+02 7.960000000000000853e+01 2.549568276753078067e-02
7.150000000000000000e+02 1.990000000000000213e+01 9.950000000000001421e+01 1.194000000000000057e+02 7.960000000000000853e+01 3.780272158386841497e-01
7.170000000000000000e+02 3.320000000000000284e+01 1.992000000000000171e+02 9.960000000000000853e+01 6.640000000000000568e+01 2.723131497104267496e-01
7.190000000000000000e+02 1.990000000000000213e+01 2.189000000000000341e+02 1.194000000000000057e+02 7.960000000000000853e+01 1.724464873578259727e-01
7.210000000000000000e+02 5.970000000000000284e+01 1.592000000000000171e+02 1.194000000000000057e+02 7.960000000000000853e+01 1.888914015023326343e-01
7.220000000000000000e+02 3.320000000000000284e+01 1.826000000000000227e+02 9.960000000000000853e+01 6.640000000000000568e+01 4.196477264198019697e-01
7.220000000000000000e+02 6.640000000000000568e+01 6.640000000000000568e+01 9.960000000000000853e+01 6.640000000000000568e+01 2.824810766961407538e-01
7.220000000000000000e+02 8.300000000000000000e+01 3.486000000000000227e+02 9.960000000000000853e+01 6.640000000000000568e+01 1.608212584422878955e+00
7.230000000000000000e+02 1.494000000000000057e+02 1.826000000000000227e+02 9.960000000000000853e+01 6.640000000000000568e+01 5.225206539458149280e-02
7.230000000000000000e+02 1.494000000000000057e+02 2.822000000000000455e+02 9.960000000000000853e+01 6.640000000000000568e+01 1.351518677941350610e+00
7.230000000000000000e+02 3.980000000000000426e+01 9.950000000000001421e+01 1.194000000000000057e+02 7.960000000000000853e+01 2.113160940501561669e-01
7.260000000000000000e+02 3.980000000000000426e+01 1.194000000000000057e+02 1.194000000000000057e+02 7.960000000000000853e+01 3.532107182334449647e-01
7.290000000000000000e+02 1.624000000000000341e+02 9.280000000000001137e+01 1.392000000000000171e+02 9.280000000000001137e+01 8.712491063329608210e-02
7.310000000000000000e+02 4.980000000000000426e+01 1.660000000000000000e+02 9.960000000000000853e+01 6.640000000000000568e+01 1.510724730527019943e-01
7.330000000000000000e+02 1.990000000000000213e+01 1.194000000000000057e+02 1.194000000000000057e+02 7.960000000000000853e+01 1.217969530607268425e+00
7.370000000000000000e+02 1.990000000000000213e+01 1.194000000000000057e+02 1.194000000000000057e+02 7.960000000000000853e+01 1.857033303233235344e-01
7.380000000000000000e+02 9.950000000000001421e+01 1.791000000000000227e+02 1.194000000000000057e+02 7.960000000000000853e+01 1.579096419391308181e+00
7.400000000000000000e+02 4.980000000000000426e+01 1.494000000000000057e+02 9.960000000000000853e+01 6.640000000000000568e+01 4.139893555406448655e-02
7.420000000000000000e+02 2.324000000000000341e+02 4.980000000000000426e+01 9.960000000000000853e+01 6.640000000000000568e+01 7.122649245713299493e-01
7.420000000000000000e+02 1.990000000000000213e+01 1.990000000000000284e+02 1.194000000000000057e+02 7.960000000000000853e+01 1.976731628265975260e-01
7.420000000000000000e+02 2.320000000000000284e+02 2.088000000000000114e+02 1.392000000000000171e+02 9.280000000000001137e+01 1.893595194721758190e+00
7.430000000000000000e+02 4.640000000000000568e+01 2.320000000000000284e+02 1.392000000000000171e+02 9.280000000000001137e+01 5.941560244214860731e-01
7.440000000000000000e+02 0.000000000000000000e+00 8.300000000000000000e+01 9.960000000000000853e+01 6.640000000000000568e+01 9.456649452693106639e-01
7.450000000000000000e+02 2.660000000000000142e+01 1.064000000000000057e+02 7.980000000000001137e+01 5.320000000000000284e+01 1.058723047274289009e+00
7.460000000000000000e+02 6.640000000000000568e+01 1.494000000000000057e+02 9.960000000000000853e+01 6.640000000000000568e+01 6.228303785237461199e-01
7.460000000000000000e+02 1.990000000000000213e+01 5.970000000000000284e+01 1.194000000000000057e+02 7.960000000000000853e+01 1.254508820923465606e-01
7.490000000000000000e+02 1.194000000000000057e+02 7.960000000000000853e+01 1.194000000000000057e+02 7.960000000000000853e+01 1.217671166512275249e-01
7.500000000000000000e+02 1.328000000000000114e+02 2.988000000000000114e+02 9.960000000000000853e+01 6.640000000000000568e+01 6.309318790168561009e-02
7.500000000000000000e+02 7.960000000000000853e+01 2.388000000000000114e+02 1.194000000000000057e+02 7.960000000000000853e+01 4.448858898662333416e-01
7.540000000000000000e+02 3.980000000000000426e+01 1.393000000000000114e+02 1.194000000000000057e+02 7.960000000000000853e+01 1.124327251740275813e-02
7.570000000000000000e+02 4.980000000000000426e+01 1.660000000000000000e+02 9.960000000000000853e+01 6.640000000000000568e+01 1.435392637096724044e-01
7.570000000000000000e+02 6.640000000000000568e+01 2.324000000000000341e+02 9.960000000000000853e+01 6.640000000000000568e+01 1.319418835020426783e+00
7.570000000000000000e+02 2.320000000000000284e+01 4.640000000000000568e+01 1.392000000000000171e+02 9.280000000000001137e+01 9.564876727889970454e-02
7.570000000000000000e+02 4.640000000000000568e+01 3.248000000000000682e+02 1.392000000000000171e+02 9.280000000000001137e+01 8.830875208823183442e-01
7.580000000000000000e+02 6.960000000000000853e+01 9.280000000000001137e+01 1.392000000000000171e+02 9.280000000000001137e+01 7.047641185112665241e-01
7.610000000000000000e+02 3.980000000000000426e+01 7.960000000000000853e+01 1.194000000000000057e+02 7.960000000000000853e+01 8.653113485099082069e-01
7.640000000000000000e+02 3.980000000000000426e+01 1.791000000000000227e+02 1.194000000000000057e+02 7.960000000000000853e+01 1.089210200955360364e+00
7.650000000000000000e+02 6.640000000000000568e+01 8.300000000000000000e+01 9.960000000000000853e+01 6.640000000000000568e+01 6.151300981035827675e-01
7.660000000000000000e+02 3.990000000000000568e+01 2.793000000000000114e+02 7.980000000000001137e+01 5.320000000000000284e+01 3.046759309148159289e-01
7.680000000000000000e+02 2.320000000000000284e+01 2.088000000000000114e+02 1.392000000000000171e+02 9.280000000000001137e+01 8.141340293156851260e-02
7.700000000000000000e+02 1.160000000000000142e+02 1.392000000000000171e+02 1.392000000000000171e+02 9.280000000000001137e+01 1.062793028434830589e+00
7.710000000000000000e+02 9.280000000000001137e+01 1.856000000000000227e+02 1.392000000000000171e+02 9.280000000000001137e+01 2.724056363432802996e-01
7.750000000000000000e+02 1.660000000000000142e+01 1.162000000000000171e+02 9.960000000000000853e+01 6.640000000000000568e+01 2.100485654575708239e+00
7.760000000000000000e+02 3.320000000000000284e+01 6.640000000000000568e+01 9.960000000000000853e+01 6.640000000000000568e+01 5.500379021087775655e-01
7.770000000000000000e+02 1.990000000000000213e+01 9.950000000000001421e+01 1.194000000000000057e+02 7.960000000000000853e+01 4.511922447387144430e-01
7.780000000000000000e+02 1.064000000000000057e+02 2.660000000000000142e+01 7.980000000000001137e+01 5.320000000000000284e+01 5.870358183509356564e-01
7.780000000000000000e+02 3.320000000000000284e+01 9.960000000000000853e+01 9.960000000000000853e+01 6.640000000000000568e+01 8.387865974557380255e-01
7.790000000000000000e+02 4.980000000000000426e+01 1.992000000000000171e+02 9.960000000000000853e+01 6.640000000000000568e+01 9.537791775165072039e-02
7.820000000000000000e+02 5.970000000000000284e+01 2.587000000000000455e+02 1.194000000000000057e+02 7.960000000000000853e+01 1.613441936458546166e-01
7.830000000000000000e+02 1.660000000000000142e+01 2.822000000000000455e+02 9.960000000000000853e+01 6.640000000000000568e+01 1.568405839690202086e+00
7.830000000000000000e+02 5.970000000000000284e+01 7.960000000000000853e+01 1.194000000000000057e+02 7.960000000000000853e+01 7.640214880854419022e-01
7.860000000000000000e+02 0.000000000000000000e+00 9.280000000000001137e+01 1.392000000000000171e+02 9.280000000000001137e+01 3.142144200604946036e-02
7.870000000000000000e+02 0.000000000000000000e+00 3.383000000000000114e+02 1.194000000000000057e+02 7.960000000000000853e+01 1.277449934666652354e-01
7.910000000000000000e+02 4.640000000000000568e+01 1.856000000000000227e+02 1.392000000000000171e+02 9.280000000000001137e+01 5.099778109986834451e-01
7.930000000000000000e+02 9.960000000000000853e+01 6.640000000000000568e+01 9.960000000000000853e+01 6.640000000000000568e+01 1.215107894025853952e+00
7.990000000000000000e+02 3.980000000000000426e+01 1.791000000000000227e+02 1.194000000000000057e+02 7.960000000000000853e+01 1.070912915980803959e-01
8.080000000000000000e+02 1.791000000000000227e+02 3.980000000000000426e+01 1.194000000000000057e+02 7.960000000000000853e+01 8.770853468194319547e-01
8.100000000000000000e+02 3.320000000000000284e+01 1.162000000000000171e+02 9.960000000000000853e+01 6.640000000000000568e+01 7.385133265850818418e-01
8.110000000000000000e+02 5.970000000000000284e+01 2.786000000000000227e+02 1.194000000000000057e+02 7.960000000000000853e+01 1.111825324303387319e+00
8.140000000000000000e+02 3.980000000000000426e+01 1.194000000000000057e+02 1.194000000000000057e+02 7.960000000000000853e+01 4.372141115865009198e-01
8.150000000000000000e+02 1.660000000000000142e+01 1.992000000000000171e+02 9.960000000000000853e+01 6.640000000000000568e+01 1.879112937579554554e-01
8.150000000000000000e+02 8.300000000000000000e+01 6.640000000000000568e+01 9.960000000000000853e+01 6.640000000000000568e+01 1.713955875315580357e-01
8.160000000000000000e+02 5.970000000000000284e+01 9.950000000000001421e+01 1.194000000000000057e+02 7.960000000000000853e+01 1.055296053571414205e+00
8.160000000000000000e+02 0.000000000000000000e+00 2.552000000000000455e+02 1.392000000000000171e+02 9.280000000000001137e+01 5.676342612011797684e-02
8.170000000000000000e+02 1.330000000000000071e+01 2.660000000000000000e+02 7.980000000000001137e+01 5.320000000000000284e+01 2.263162436740522310e-01
8.170000000000000000e+02 6.640000000000000568e+01 1.162000000000000171e+02 9.960000000000000853e+01 6.640000000000000568e+01 1.534637250947033849e+00
8.170000000000000000e+02 0.000000000000000000e+00 2.587000000000000455e+02 1.194000000000000057e+02 7.960000000000000853e+01 8.559722907378626289e-01
8.190000000000000000e+02 3.320000000000000284e+01 1.494000000000000057e+02 9.960000000000000853e+01 6.640000000000000568e+01 1.785802660330393365e-02
8.200000000000000000e+02 4.640000000000000568e+01 1.160000000000000142e+02 1.392000000000000171e+02 9.280000000000001137e+01 3.774465351241902411e-01
8.210000000000000000e+02 3.990000000000000568e+01 1.995000000000000000e+02 7.980000000000001137e+01 5.320000000000000284e+01 2.588558887896805771e-01
8.210000000000000000e+02 3.980000000000000426e+01 3.582000000000000455e+02 1.194000000000000057e+02 7.960000000000000853e+01 1.038028549566760717e-02
8.210000000000000000e+02 0.000000000000000000e+00 4.640000000000000568e+01 1.392000000000000171e+02 9.280000000000001137e+01 4.442161003255229446e-02
8.270000000000000000e+02 1.660000000000000142e+01 9.960000000000000853e+01 9.960000000000000853e+01 6.640000000000000568e+01 1.114454965782906370e+00
8.280000000000000000e+02 3.320000000000000284e+01 3.154000000000000341e+02 9.960000000000000853e+01 6.640000000000000568e+01 6.372264540136107769e-02
8.280000000000000000e+02 4.980000000000000426e+01 8.300000000000000000e+01 9.960000000000000853e+01 6.640000000000000568e+01 1.371399636224035490e-01
8.300000000000000000e+02 2.320000000000000284e+01 1.856000000000000227e+02 1.392000000000000171e+02 9.280000000000001137e+01 6.849970636275068969e-01
8.330000000000000000e+02 3.980000000000000426e+01 1.393000000000000114e+02 1.194000000000000057e+02 7.960000000000000853e+01 3.822135585303270133e-01
8.350000000000000000e+02 1.660000000000000142e+01 6.640000000000000568e+01 9.960000000000000853e+01 6.640000000000000568e+01 4.009253479008911825e-01
8.360000000000000000e+02 3.320000000000000284e+01 1.992000000000000171e+02 9.960000000000000853e+01 6.640000000000000568e+01 7.432687226905176914e-02
8.410000000000000000e+02 2.320000000000000284e+01 9.280000000000001137e+01 1.392000000000000171e+02 9.280000000000001137e+01 2.230284496051035958e-01
8.430000000000000000e+02 1.660000000000000142e+01 1.162000000000000171e+02 9.960000000000000853e+01 6.640000000000000568e+01 5.500994821688145464e-01
8.440000000000000000e+02 9.280000000000001137e+01 1.160000000000000142e+02 1.392000000000000171e+02 9.280000000000001137e+01 7.722289431707585194e-01
8.450000000000000000e+02 0.000000000000000000e+00 1.393000000000000114e+02 1.194000000000000057e+02 7.960000000000000853e+01 6.394651540030880099e-01
8.460000000000000000e+02 3.980000000000000426e+01 1.592000000000000171e+02 1.194000000000000057e+02 7.960000000000000853e+01 9.195291679702677357e-02
8.470000000000000000e+02 9.960000000000000853e+01 1.660000000000000000e+02 9.960000000000000853e+01 6.640000000000000568e+01 4.290328157009364318e-01
8.490000000000000000e+02 3.000000000000000000e+02 2.000000000000000000e+01 6.000000000000000000e+01 4.000000000000000000e+01 1.116515715145629528e-01
8.500000000000000000e+02 2.660000000000000142e+01 7.980000000000001137e+01 7.980000000000001137e+01 5.320000000000000284e+01 6.876754773979865121e-02
8.500000000000000000e+02 1.791000000000000227e+02 3.980000000000000426e+01 1.194000000000000057e+02 7.960000000000000853e+01 7.065906663447485414e-02
8.510000000000000000e+02 6.960000000000000853e+01 1.624000000000000341e+02 1.392000000000000171e+02 9.280000000000001137e+01 3.526248050727236460e-01
8.530000000000000000e+02 1.990000000000000213e+01 3.184000000000000341e+02 1.194000000000000057e+02 7.960000000000000853e+01 3.169180629588357334e-01
8.530000000000000000e+02 3.980000000000000426e+01 3.980000000000000426e+01 1.194000000000000057e+02 7.960000000000000853e+01 6.469192274555544131e-01
8.530000000000000000e+02 0.000000000000000000e+00 1.856000000000000227e+02 1.392000000000000171e+02 9.280000000000001137e+01 5.151859246420675831e-01
8.550000000000000000e+02 3.980000000000000426e+01 1.194000000000000057e+02 1.194000000000000057e+02 7.960000000000000853e+01 1.061690644035397924e-01
8.570000000000000000e+02 3.400000000000000000e+02 0.000000000000000000e+00 6.000000000000000000e+01 4.000000000000000000e+01 2.647994768872541371e-01
8.580000000000000000e+02 1.660000000000000142e+01 9.960000000000000853e+01 9.960000000000000853e+01 6.640000000000000568e+01 5.498025194534683635e-03
8.580000000000000000e+02 3.980000000000000426e+01 2.786000000000000227e+02 1.194000000000000057e+02 7.960000000000000853e+01 2.046422955008289080e-01
8.590000000000000000e+02 9.950000000000001421e+01 2.786000000000000227e+02 1.194000000000000057e+02 7.960000000000000853e+01 6.300328971895252650e-01
8.620000000000000000e+02 1.392000000000000171e+02 4.640000000000000568e+01 1.392000000000000171e+02 9.280000000000001137e+01 7.043639171460824855e-02
8.630000000000000000e+02 9.310000000000000853e+01 1.064000000000000057e+02 7.980000000000001137e+01 5.320000000000000284e+01 8.172051646683620163e-02
8.650000000000000000e+02 1.660000000000000142e+01 1.992000000000000171e+02 9.960000000000000853e+01 6.640000000000000568e+01 1.019002472924197100e+00
8.650000000000000000e+02 4.980000000000000426e+01 4.980000000000000426e+01 9.960000000000000853e+01 6.640000000000000568e+01 2.779355114768673474e-01
8.650000000000000000e+02 6.640000000000000568e+01 3.486000000000000227e+02 9.960000000000000853e+01 6.640000000000000568e+01 4.300033478145781629e-02
8.660000000000000000e+02 1.990000000000000213e+01 1.592000000000000171e+02 1.194000000000000057e+02 7.960000000000000853e+01 7.904313456575371433e-01
8.680000000000000000e+02 1.990000000000000213e+01 1.791000000000000227e+02 1.194000000000000057e+02 7.960000000000000853e+01 1.364275146095916824e-01
8.700000000000000000e+02 1.392000000000000171e+02 2.320000000000000284e+02 1.392000000000000171e+02 9.280000000000001137e+01 1.243060526239858632e-02
8.710000000000000000e+02 5.320000000000000284e+01 1.729000000000000057e+02 7.980000000000001137e+01 5.320000000000000284e+01 1.950813341915544896e-01
8.720000000000000000e+02 1.660000000000000142e+01 1.162000000000000171e+02 9.960000000000000853e+01 6.640000000000000568e+01 1.696503056541541099e+00
8.730000000000000000e+02 4.980000000000000426e+01 1.162000000000000171e+02 9.960000000000000853e+01 6.640000000000000568e+01 5.915500826924393607e-01
8.740000000000000000e+02 3.320000000000000284e+01 6.640000000000000568e+01 9.960000000000000853e+01 6.640000000000000568e+01 5.466393063649972461e-01
8.750000000000000000e+02 0.000000000000000000e+00 1.392000000000000171e+02 1.392000000000000171e+02 9.280000000000001137e+01 8.167247786625786432e-01
8.760000000000000000e+02 7.960000000000000853e+01 1.393000000000000114e+02 1.194000000000000057e+02 7.960000000000000853e+01 2.720936156762787661e-01
8.770000000000000000e+02 4.980000000000000426e+01 2.324000000000000341e+02 9.960000000000000853e+01 6.640000000000000568e+01 5.844013061335804338e-01
8.790000000000000000e+02 0.000000000000000000e+00 1.194000000000000057e+02 1.194000000000000057e+02 7.960000000000000853e+01 4.994559626899430782e-03
8.790000000000000000e+02 1.990000000000000213e+01 2.587000000000000455e+02 1.194000000000000057e+02 7.960000000000000853e+01 2.168581408481138340e-01
8.830000000000000000e+02 9.960000000000000853e+01 1.162000000000000171e+02 9.960000000000000853e+01 6.640000000000000568e+01 4.353772658399437390e-01
8.840000000000000000e+02 3.980000000000000426e+01 1.791000000000000227e+02 1.194000000000000057e+02 7.960000000000000853e+01 1.006817935448328427e+00
8.880000000000000000e+02 1.826000000000000227e+02 3.320000000000000000e+02 9.960000000000000853e+01 6.640000000000000568e+01 2.336840945098179745e-01
8.880000000000000000e+02 2.320000000000000284e+01 1.392000000000000171e+02 1.392000000000000171e+02 9.280000000000001137e+01 9.631197524433154911e-02
8.910000000000000000e+02 3.990000000000000568e+01 1.862000000000000171e+02 7.980000000000001137e+01 5.320000000000000284e+01 1.127953245250692405e-01
8.920000000000000000e+02 2.320000000000000284e+01 4.640000000000000568e+01 1.392000000000000171e+02 9.280000000000001137e+01 5.338186421036565932e-01
8.920000000000000000e+02 1.160000000000000142e+02 1.392000000000000171e+02 1.392000000000000171e+02 9.280000000000001137e+01 1.057846186049107295e+00
8.940000000000000000e+02 1.660000000000000142e+01 1.826000000000000227e+02 9.960000000000000853e+01 6.640000000000000568e+01 3.233666706349858089e-02
8.950000000000000000e+02 1.990000000000000213e+01 2.388000000000000114e+02 1.194000000000000057e+02 7.960000000000000853e+01 1.336489343227011517e+00
8.960000000000000000e+02 4.980000000000000426e+01 1.162000000000000171e+02 9.960000000000000853e+01 6.640000000000000568e+01 4.789380287606137543e-01
9.010000000000000000e+02 1.990000000000000213e+01 9.950000000000001421e+01 1.194000000000000057e+02 7.960000000000000853e+01 7.701311146185041423e-01
9.020000000000000000e+02 4.640000000000000568e+01 1.856000000000000227e+02 1.392000000000000171e+02 9.280000000000001137e+01 1.596880561281901478e-01
9.030000000000000000e+02 1.592000000000000171e+02 9.950000000000001421e+01 1.194000000000000057e+02 7.960000000000000853e+01 1.025024908536824597e-01
9.040000000000000000e+02 5.000000000000000000e+01 2.200000000000000000e+02 6.000000000000000000e+01 4.000000000000000000e+01 1.426081515113883924e-01
9.040000000000000000e+02 1.100000000000000000e+02 3.500000000000000000e+02 6.000000000000000000e+01 4.000000000000000000e+01 1.276162985919295778e-01
9.050000000000000000e+02 2.320000000000000284e+01 6.960000000000000853e+01 1.392000000000000171e+02 9.280000000000001137e+01 5.995302493440242131e-01
9.070000000000000000e+02 5.320000000000000284e+01 1.064000000000000057e+02 7.980000000000001137e+01 5.320000000000000284e+01 7.284553595311376029e-01
9.080000000000000000e+02 2.320000000000000284e+01 1.160000000000000142e+02 1.392000000000000171e+02 9.280000000000001137e+01 7.861699646521538298e-01
9.100000000000000000e+02 1.162000000000000171e+02 6.640000000000000568e+01 9.960000000000000853e+01 6.640000000000000568e+01 1.833989819236068186e-01
9.110000000000000000e+02 5.970000000000000284e+01 1.592000000000000171e+02 1.194000000000000057e+02 7.960000000000000853e+01 2.475993036653481028e-01
9.120000000000000000e+02 1.660000000000000142e+01 3.320000000000000284e+01 9.960000000000000853e+01 6.640000000000000568e+01 1.070189525752310189e+00
9.140000000000000000e+02 5.970000000000000284e+01 9.950000000000001421e+01 1.194000000000000057e+02 7.960000000000000853e+01 8.160182638988739967e-01
9.160000000000000000e+02 3.980000000000000426e+01 1.592000000000000171e+02 1.194000000000000057e+02 7.960000000000000853e+01 7.263955652437736887e-01
9.190000000000000000e+02 3.320000000000000284e+01 1.328000000000000114e+02 9.960000000000000853e+01 6.640000000000000568e+01 1.247080975472766085e+00
9.190000000000000000e+02 3.320000000000000284e+01 2.656000000000000227e+02 9.960000000000000853e+01 6.640000000000000568e+01 6.391098406394464249e-01
9.200000000000000000e+02 3.980000000000000426e+01 1.194000000000000057e+02 1.194000000000000057e+02 7.960000000000000853e+01 5.160162692807377383e-01
9.220000000000000000e+02 7.000000000000000000e+01 2.500000000000000000e+02 6.000000000000000000e+01 4.000000000000000000e+01 5.651629561550928216e-01
9.220000000000000000e+02 6.650000000000000000e+01 2.660000000000000142e+01 7.980000000000001137e+01 5.320000000000000284e+01 1.823733557386114867e+00
9.250000000000000000e+02 1.826000000000000227e+02 1.494000000000000057e+02 9.960000000000000853e+01 6.640000000000000568e+01 3.957980812376824531e-01
9.270000000000000000e+02 7.960000000000000853e+01 1.194000000000000057e+02 1.194000000000000057e+02 7.960000000000000853e+01 3.902160705233272964e-01
9.290000000000000000e+02 3.320000000000000284e+01 1.162000000000000171e+02 9.960000000000000853e+01 6.640000000000000568e+01 1.006839226357020500e+00
9.320000000000000000e+02 3.980000000000000426e+01 1.393000000000000114e+02 1.194000000000000057e+02 7.960000000000000853e+01 3.333789119375163423e-01
9.340000000000000000e+02 2.320000000000000284e+01 2.088000000000000114e+02 1.392000000000000171e+02 9.280000000000001137e+01 2.775099628622950121e-01
9.340000000000000000e+02 4.640000000000000568e+01 4.640000000000000568e+01 1.392000000000000171e+02 9.280000000000001137e+01 3.987196215619768225e-01
9.360000000000000000e+02 1.990000000000000213e+01 9.950000000000001421e+01 1.194000000000000057e+02 7.960000000000000853e+01 6.525633582539835942e-01
9.370000000000000000e+02 9.310000000000000853e+01 3.192000000000000455e+02 7.980000000000001137e+01 5.320000000000000284e+01 6.831520157318253794e-01
9.370000000000000000e+02 3.320000000000000284e+01 6.640000000000000568e+01 9.960000000000000853e+01 6.640000000000000568e+01 2.522238237875040312e+00
9.370000000000000000e+02 9.960000000000000853e+01 2.158000000000000114e+02 9.960000000000000853e+01 6.640000000000000568e+01 1.390093448154564371e+00
9.380000000000000000e+02 1.700000000000000000e+02 2.100000000000000000e+02 6.000000000000000000e+01 4.000000000000000000e+01 2.760136833760382657e-01
9.380000000000000000e+02 1.494000000000000057e+02 4.980000000000000426e+01 9.960000000000000853e+01 6.640000000000000568e+01 9.179704370446568618e-01
9.400000000000000000e+02 2.320000000000000284e+01 1.624000000000000341e+02 1.392000000000000171e+02 9.280000000000001137e+01 1.367159861153437461e+00
9.420000000000000000e+02 0.000000000000000000e+00 1.624000000000000341e+02 1.392000000000000171e+02 9.280000000000001137e+01 6.268324186197649084e-02
9.430000000000000000e+02 2.320000000000000284e+01 2.320000000000000284e+02 1.392000000000000171e+02 9.280000000000001137e+01 5.476136924898504788e-01
9.480000000000000000e+02 3.320000000000000284e+01 1.992000000000000171e+02 9.960000000000000853e+01 6.640000000000000568e+01 5.891839028414569412e-01
9.480000000000000000e+02 1.392000000000000171e+02 1.392000000000000171e+02 1.392000000000000171e+02 9.280000000000001137e+01 4.025269357332126319e-01
9.500000000000000000e+02 3.990000000000000568e+01 9.310000000000000853e+01 7.980000000000001137e+01 5.320000000000000284e+01 6.732251603319507893e-01
9.510000000000000000e+02 3.320000000000000284e+01 1.328000000000000114e+02 9.960000000000000853e+01 6.640000000000000568e+01 8.428040084459613723e-01
9.540000000000000000e+02 2.320000000000000284e+01 1.624000000000000341e+02 1.392000000000000171e+02 9.280000000000001137e+01 1.927137344047558543e+00
9.550000000000000000e+02 4.980000000000000426e+01 9.960000000000000853e+01 9.960000000000000853e+01 6.640000000000000568e+01 4.059125310664439823e-01
9.560000000000000000e+02 4.640000000000000568e+01 9.280000000000001137e+01 1.392000000000000171e+02 9.280000000000001137e+01 6.162497439725624915e-01
9.580000000000000000e+02 5.000000000000000000e+01 1.100000000000000000e+02 6.000000000000000000e+01 4.000000000000000000e+01 2.878853138644110743e-03
9.600000000000000000e+02 3.320000000000000284e+01 6.640000000000000568e+01 9.960000000000000853e+01 6.640000000000000568e+01 8.300456231153763298e-01
9.600000000000000000e+02 5.970000000000000284e+01 3.582000000000000455e+02 1.194000000000000057e+02 7.960000000000000853e+01 1.281533064330329097e-01
9.600000000000000000e+02 4.640000000000000568e+01 2.088000000000000114e+02 1.392000000000000171e+02 9.280000000000001137e+01 1.562424681147307481e-01
9.610000000000000000e+02 3.320000000000000284e+01 1.826000000000000227e+02 9.960000000000000853e+01 6.640000000000000568e+01 4.378831843802855062e-01
9.630000000000000000e+02 1.990000000000000213e+01 1.393000000000000114e+02 1.194000000000000057e+02 7.960000000000000853e+01 2.781776589971656222e-01
9.640000000000000000e+02 1.494000000000000057e+02 3.486000000000000227e+02 9.960000000000000853e+01 6.640000000000000568e+01 1.128809889993753757e-02
9.650000000000000000e+02 4.640000000000000568e+01 1.856000000000000227e+02 1.392000000000000171e+02 9.280000000000001137e+01 2.302461841735707893e-01
9.690000000000000000e+02 4.640000000000000568e+01 2.320000000000000284e+02 1.392000000000000171e+02 9.280000000000001137e+01 1.731284413041080938e-01
9.700000000000000000e+02 4.640000000000000568e+01 1.160000000000000142e+02 1.392000000000000171e+02 9.280000000000001137e+01 5.759647748286012003e-01
9.720000000000000000e+02 4.640000000000000568e+01 1.160000000000000142e+02 1.392000000000000171e+02 9.280000000000001137e+01 2.745577951957374196e-01
9.730000000000000000e+02 2.320000000000000284e+01 6.960000000000000853e+01 1.392000000000000171e+02 9.280000000000001137e+01 1.563791830429810403e-01
9.750000000000000000e+02 1.990000000000000213e+01 7.960000000000000853e+01 1.194000000000000057e+02 7.960000000000000853e+01 6.729786672066104813e-01
9.770000000000000000e+02 5.320000000000000284e+01 1.862000000000000171e+02 7.980000000000001137e+01 5.320000000000000284e+01 3.888977148627414948e-02
9.830000000000000000e+02 1.660000000000000142e+01 1.162000000000000171e+02 9.960000000000000853e+01 6.640000000000000568e+01 3.247349145761582179e-01
9.840000000000000000e+02 9.960000000000000853e+01 2.988000000000000114e+02 9.960000000000000853e+01 6.640000000000000568e+01 2.047897995857308473e-01
9.880000000000000000e+02 5.320000000000000284e+01 9.310000000000000853e+01 7.980000000000001137e+01 5.320000000000000284e+01 1.995947999636600301e-01
9.880000000000000000e+02 2.394000000000000057e+02 7.980000000000001137e+01 7.980000000000001137e+01 5.320000000000000284e+01 2.335961468326521739e-01
9.880000000000000000e+02 1.660000000000000142e+01 1.992000000000000171e+02 9.960000000000000853e+01 6.640000000000000568e+01 1.145810918961758240e+00
9.920000000000000000e+02 2.320000000000000284e+01 1.856000000000000227e+02 1.392000000000000171e+02 9.280000000000001137e+01 4.968504136607529986e-01
9.950000000000000000e+02 1.990000000000000213e+01 1.393000000000000114e+02 1.194000000000000057e+02 7.960000000000000853e+01 6.630387207412935524e-01
9.950000000000000000e+02 3.980000000000000426e+01 2.587000000000000455e+02 1.194000000000000057e+02 7.960000000000000853e+01 2.839182145765102305e-01
9.960000000000000000e+02 2.660000000000000142e+01 2.394000000000000057e+02 7.980000000000001137e+01 5.320000000000000284e+01 2.034934320155370457e-01
9.960000000000000000e+02 2.660000000000000000e+02 1.463000000000000114e+02 7.980000000000001137e+01 5.320000000000000284e+01 6.455638146050288739e-01
9.960000000000000000e+02 1.990000000000000213e+01 9.950000000000001421e+01 1.194000000000000057e+02 7.960000000000000853e+01 8.212813561758194325e-01
9.990000000000000000e+02 0.000000000000000000e+00 1.392000000000000171e+02 1.392000000000000171e+02 9.280000000000001137e+01 1.362010869601648189e+00
