2.000000000000000000e+00 3.000000000000000000e+01 6.000000000000000000e+01 1.200000000000000000e+02 8.000000000000000000e+01
1.000000000000000000e+01 2.200000000000000000e+01 4.500000000000000000e+01 9.000000000000000000e+01 6.000000000000000000e+01
1.300000000000000000e+01 4.500000000000000000e+01 2.470000000000000000e+02 9.000000000000000000e+01 6.000000000000000000e+01
1.300000000000000000e+01 6.000000000000000000e+01 9.000000000000000000e+01 1.200000000000000000e+02 8.000000000000000000e+01
1.500000000000000000e+01 6.000000000000000000e+01 2.700000000000000000e+02 1.200000000000000000e+02 8.000000000000000000e+01
2.100000000000000000e+01 9.000000000000000000e+01 4.500000000000000000e+01 6.000000000000000000e+01 4.000000000000000000e+01
2.200000000000000000e+01 1.120000000000000000e+02 1.570000000000000000e+02 9.000000000000000000e+01 6.000000000000000000e+01
3.000000000000000000e+01 1.800000000000000000e+02 1.500000000000000000e+02 1.200000000000000000e+02 8.000000000000000000e+01
3.300000000000000000e+01 3.000000000000000000e+01 9.000000000000000000e+01 1.200000000000000000e+02 8.000000000000000000e+01
3.900000000000000000e+01 1.500000000000000000e+02 2.400000000000000000e+02 1.200000000000000000e+02 8.000000000000000000e+01
4.200000000000000000e+01 1.650000000000000000e+02 2.550000000000000000e+02 6.000000000000000000e+01 4.000000000000000000e+01
4.200000000000000000e+01 0.000000000000000000e+00 2.200000000000000000e+01 9.000000000000000000e+01 6.000000000000000000e+01
4.500000000000000000e+01 6.000000000000000000e+01 3.000000000000000000e+01 1.200000000000000000e+02 8.000000000000000000e+01
4.500000000000000000e+01 1.800000000000000000e+02 2.100000000000000000e+02 1.200000000000000000e+02 8.000000000000000000e+01
4.800000000000000000e+01 2.200000000000000000e+01 9.000000000000000000e+01 9.000000000000000000e+01 6.000000000000000000e+01
4.800000000000000000e+01 0.000000000000000000e+00 2.400000000000000000e+02 1.200000000000000000e+02 8.000000000000000000e+01
5.600000000000000000e+01 1.120000000000000000e+02 2.470000000000000000e+02 9.000000000000000000e+01 6.000000000000000000e+01
5.600000000000000000e+01 9.000000000000000000e+01 6.000000000000000000e+01 1.200000000000000000e+02 8.000000000000000000e+01
5.900000000000000000e+01 3.000000000000000000e+01 9.000000000000000000e+01 1.200000000000000000e+02 8.000000000000000000e+01
6.400000000000000000e+01 3.000000000000000000e+01 2.100000000000000000e+02 1.200000000000000000e+02 8.000000000000000000e+01
6.700000000000000000e+01 0.000000000000000000e+00 9.000000000000000000e+01 1.200000000000000000e+02 8.000000000000000000e+01
7.300000000000000000e+01 2.200000000000000000e+01 2.020000000000000000e+02 9.000000000000000000e+01 6.000000000000000000e+01
7.300000000000000000e+01 9.000000000000000000e+01 3.600000000000000000e+02 9.000000000000000000e+01 6.000000000000000000e+01
7.400000000000000000e+01 9.000000000000000000e+01 2.100000000000000000e+02 1.200000000000000000e+02 8.000000000000000000e+01
7.700000000000000000e+01 4.500000000000000000e+01 1.120000000000000000e+02 9.000000000000000000e+01 6.000000000000000000e+01
8.000000000000000000e+01 9.000000000000000000e+01 2.250000000000000000e+02 9.000000000000000000e+01 6.000000000000000000e+01
8.200000000000000000e+01 0.000000000000000000e+00 1.200000000000000000e+02 1.200000000000000000e+02 8.000000000000000000e+01
8.300000000000000000e+01 3.000000000000000000e+01 1.200000000000000000e+02 1.200000000000000000e+02 8.000000000000000000e+01
8.500000000000000000e+01 3.000000000000000000e+01 1.200000000000000000e+02 1.200000000000000000e+02 8.000000000000000000e+01
8.600000000000000000e+01 6.000000000000000000e+01 1.200000000000000000e+02 1.200000000000000000e+02 8.000000000000000000e+01
8.700000000000000000e+01 2.200000000000000000e+01 2.470000000000000000e+02 9.000000000000000000e+01 6.000000000000000000e+01
8.700000000000000000e+01 3.000000000000000000e+01 1.500000000000000000e+02 1.200000000000000000e+02 8.000000000000000000e+01
8.800000000000000000e+01 3.000000000000000000e+01 1.500000000000000000e+02 1.200000000000000000e+02 8.000000000000000000e+01
9.500000000000000000e+01 3.000000000000000000e+01 1.800000000000000000e+02 1.200000000000000000e+02 8.000000000000000000e+01
9.700000000000000000e+01 4.500000000000000000e+01 2.020000000000000000e+02 9.000000000000000000e+01 6.000000000000000000e+01
9.700000000000000000e+01 0.000000000000000000e+00 6.000000000000000000e+01 1.200000000000000000e+02 8.000000000000000000e+01
9.700000000000000000e+01 0.000000000000000000e+00 3.300000000000000000e+02 1.200000000000000000e+02 8.000000000000000000e+01
1.070000000000000000e+02 6.700000000000000000e+01 1.570000000000000000e+02 9.000000000000000000e+01 6.000000000000000000e+01
1.090000000000000000e+02 3.000000000000000000e+01 2.700000000000000000e+02 1.200000000000000000e+02 8.000000000000000000e+01
1.110000000000000000e+02 3.000000000000000000e+01 9.000000000000000000e+01 1.200000000000000000e+02 8.000000000000000000e+01
1.120000000000000000e+02 2.200000000000000000e+01 3.150000000000000000e+02 9.000000000000000000e+01 6.000000000000000000e+01
1.190000000000000000e+02 6.000000000000000000e+01 9.000000000000000000e+01 1.200000000000000000e+02 8.000000000000000000e+01
1.210000000000000000e+02 3.000000000000000000e+01 2.700000000000000000e+02 1.200000000000000000e+02 8.000000000000000000e+01
1.250000000000000000e+02 1.050000000000000000e+02 1.500000000000000000e+02 6.000000000000000000e+01 4.000000000000000000e+01
1.250000000000000000e+02 9.000000000000000000e+01 1.350000000000000000e+02 9.000000000000000000e+01 6.000000000000000000e+01
1.270000000000000000e+02 3.000000000000000000e+01 1.500000000000000000e+02 1.200000000000000000e+02 8.000000000000000000e+01
1.330000000000000000e+02 3.000000000000000000e+01 1.200000000000000000e+02 1.200000000000000000e+02 8.000000000000000000e+01
1.370000000000000000e+02 9.000000000000000000e+01 1.570000000000000000e+02 9.000000000000000000e+01 6.000000000000000000e+01
1.400000000000000000e+02 2.200000000000000000e+01 3.600000000000000000e+02 9.000000000000000000e+01 6.000000000000000000e+01
1.400000000000000000e+02 2.020000000000000000e+02 1.350000000000000000e+02 9.000000000000000000e+01 6.000000000000000000e+01
1.400000000000000000e+02 2.020000000000000000e+02 2.470000000000000000e+02 9.000000000000000000e+01 6.000000000000000000e+01
1.400000000000000000e+02 0.000000000000000000e+00 2.400000000000000000e+02 1.200000000000000000e+02 8.000000000000000000e+01
1.430000000000000000e+02 3.000000000000000000e+01 1.800000000000000000e+02 1.200000000000000000e+02 8.000000000000000000e+01
1.500000000000000000e+02 2.100000000000000000e+02 9.000000000000000000e+01 1.200000000000000000e+02 8.000000000000000000e+01
1.530000000000000000e+02 6.000000000000000000e+01 3.000000000000000000e+02 1.200000000000000000e+02 8.000000000000000000e+01
1.570000000000000000e+02 9.000000000000000000e+01 1.800000000000000000e+02 1.200000000000000000e+02 8.000000000000000000e+01
1.680000000000000000e+02 3.000000000000000000e+01 1.800000000000000000e+02 1.200000000000000000e+02 8.000000000000000000e+01
1.680000000000000000e+02 6.000000000000000000e+01 6.000000000000000000e+01 1.200000000000000000e+02 8.000000000000000000e+01
1.680000000000000000e+02 9.000000000000000000e+01 3.300000000000000000e+02 1.200000000000000000e+02 8.000000000000000000e+01
1.690000000000000000e+02 2.200000000000000000e+01 1.120000000000000000e+02 9.000000000000000000e+01 6.000000000000000000e+01
1.720000000000000000e+02 6.700000000000000000e+01 2.700000000000000000e+02 9.000000000000000000e+01 6.000000000000000000e+01
1.750000000000000000e+02 1.050000000000000000e+02 6.000000000000000000e+01 6.000000000000000000e+01 4.000000000000000000e+01
1.810000000000000000e+02 6.000000000000000000e+01 1.800000000000000000e+02 1.200000000000000000e+02 8.000000000000000000e+01
1.840000000000000000e+02 3.000000000000000000e+01 6.000000000000000000e+01 1.200000000000000000e+02 8.000000000000000000e+01
1.890000000000000000e+02 2.550000000000000000e+02 2.250000000000000000e+02 6.000000000000000000e+01 4.000000000000000000e+01
1.910000000000000000e+02 3.000000000000000000e+01 2.400000000000000000e+02 1.200000000000000000e+02 8.000000000000000000e+01
1.940000000000000000e+02 0.000000000000000000e+00 3.000000000000000000e+01 1.200000000000000000e+02 8.000000000000000000e+01
1.960000000000000000e+02 3.150000000000000000e+02 0.000000000000000000e+00 9.000000000000000000e+01 6.000000000000000000e+01
1.980000000000000000e+02 3.000000000000000000e+01 6.000000000000000000e+01 1.200000000000000000e+02 8.000000000000000000e+01
2.030000000000000000e+02 0.000000000000000000e+00 9.000000000000000000e+01 1.200000000000000000e+02 8.000000000000000000e+01
2.040000000000000000e+02 0.000000000000000000e+00 2.400000000000000000e+02 1.200000000000000000e+02 8.000000000000000000e+01
2.040000000000000000e+02 9.000000000000000000e+01 1.200000000000000000e+02 1.200000000000000000e+02 8.000000000000000000e+01
2.160000000000000000e+02 0.000000000000000000e+00 9.000000000000000000e+01 9.000000000000000000e+01 6.000000000000000000e+01
2.160000000000000000e+02 0.000000000000000000e+00 3.370000000000000000e+02 9.000000000000000000e+01 6.000000000000000000e+01
2.160000000000000000e+02 1.570000000000000000e+02 2.020000000000000000e+02 9.000000000000000000e+01 6.000000000000000000e+01
2.160000000000000000e+02 3.370000000000000000e+02 1.800000000000000000e+02 9.000000000000000000e+01 6.000000000000000000e+01
2.170000000000000000e+02 0.000000000000000000e+00 1.200000000000000000e+02 1.200000000000000000e+02 8.000000000000000000e+01
2.180000000000000000e+02 3.000000000000000000e+01 1.200000000000000000e+02 1.200000000000000000e+02 8.000000000000000000e+01
2.210000000000000000e+02 1.120000000000000000e+02 1.350000000000000000e+02 9.000000000000000000e+01 6.000000000000000000e+01
2.210000000000000000e+02 1.120000000000000000e+02 3.150000000000000000e+02 9.000000000000000000e+01 6.000000000000000000e+01
2.230000000000000000e+02 1.800000000000000000e+02 1.200000000000000000e+02 1.200000000000000000e+02 8.000000000000000000e+01
2.340000000000000000e+02 4.500000000000000000e+01 9.000000000000000000e+01 9.000000000000000000e+01 6.000000000000000000e+01
2.340000000000000000e+02 9.000000000000000000e+01 2.250000000000000000e+02 9.000000000000000000e+01 6.000000000000000000e+01
2.360000000000000000e+02 0.000000000000000000e+00 2.100000000000000000e+02 1.200000000000000000e+02 8.000000000000000000e+01
2.390000000000000000e+02 2.400000000000000000e+02 1.200000000000000000e+02 1.200000000000000000e+02 8.000000000000000000e+01
2.400000000000000000e+02 6.700000000000000000e+01 9.000000000000000000e+01 9.000000000000000000e+01 6.000000000000000000e+01
2.420000000000000000e+02 6.000000000000000000e+01 9.000000000000000000e+01 1.200000000000000000e+02 8.000000000000000000e+01
2.440000000000000000e+02 1.350000000000000000e+02 1.120000000000000000e+02 9.000000000000000000e+01 6.000000000000000000e+01
2.570000000000000000e+02 3.000000000000000000e+01 9.000000000000000000e+01 1.200000000000000000e+02 8.000000000000000000e+01
2.600000000000000000e+02 3.000000000000000000e+01 3.000000000000000000e+01 1.200000000000000000e+02 8.000000000000000000e+01
2.600000000000000000e+02 2.100000000000000000e+02 1.800000000000000000e+02 1.200000000000000000e+02 8.000000000000000000e+01
2.610000000000000000e+02 3.000000000000000000e+01 3.000000000000000000e+01 1.200000000000000000e+02 8.000000000000000000e+01
2.610000000000000000e+02 3.000000000000000000e+01 1.800000000000000000e+02 1.200000000000000000e+02 8.000000000000000000e+01
2.630000000000000000e+02 3.000000000000000000e+01 2.100000000000000000e+02 1.200000000000000000e+02 8.000000000000000000e+01
2.740000000000000000e+02 2.200000000000000000e+01 3.370000000000000000e+02 9.000000000000000000e+01 6.000000000000000000e+01
2.750000000000000000e+02 1.800000000000000000e+02 1.200000000000000000e+02 1.200000000000000000e+02 8.000000000000000000e+01
2.760000000000000000e+02 3.000000000000000000e+01 2.400000000000000000e+02 1.200000000000000000e+02 8.000000000000000000e+01
2.820000000000000000e+02 2.200000000000000000e+01 4.500000000000000000e+01 9.000000000000000000e+01 6.000000000000000000e+01
2.830000000000000000e+02 3.000000000000000000e+01 9.000000000000000000e+01 1.200000000000000000e+02 8.000000000000000000e+01
2.860000000000000000e+02 3.000000000000000000e+01 1.500000000000000000e+02 1.200000000000000000e+02 8.000000000000000000e+01
2.900000000000000000e+02 6.700000000000000000e+01 2.020000000000000000e+02 9.000000000000000000e+01 6.000000000000000000e+01
2.960000000000000000e+02 0.000000000000000000e+00 1.800000000000000000e+02 1.200000000000000000e+02 8.000000000000000000e+01
2.970000000000000000e+02 6.700000000000000000e+01 9.000000000000000000e+01 9.000000000000000000e+01 6.000000000000000000e+01
3.010000000000000000e+02 3.000000000000000000e+01 2.100000000000000000e+02 1.200000000000000000e+02 8.000000000000000000e+01
3.010000000000000000e+02 9.000000000000000000e+01 6.000000000000000000e+01 1.200000000000000000e+02 8.000000000000000000e+01
3.050000000000000000e+02 3.000000000000000000e+01 1.200000000000000000e+02 1.200000000000000000e+02 8.000000000000000000e+01
3.060000000000000000e+02 2.200000000000000000e+01 4.500000000000000000e+01 9.000000000000000000e+01 6.000000000000000000e+01
3.060000000000000000e+02 4.500000000000000000e+01 2.020000000000000000e+02 9.000000000000000000e+01 6.000000000000000000e+01
3.100000000000000000e+02 1.800000000000000000e+02 2.850000000000000000e+02 6.000000000000000000e+01 4.000000000000000000e+01
3.100000000000000000e+02 2.400000000000000000e+02 3.000000000000000000e+01 1.200000000000000000e+02 8.000000000000000000e+01
3.110000000000000000e+02 1.200000000000000000e+02 1.200000000000000000e+02 1.200000000000000000e+02 8.000000000000000000e+01
3.120000000000000000e+02 3.000000000000000000e+01 1.200000000000000000e+02 1.200000000000000000e+02 8.000000000000000000e+01
3.170000000000000000e+02 3.000000000000000000e+01 1.800000000000000000e+02 1.200000000000000000e+02 8.000000000000000000e+01
3.190000000000000000e+02 6.000000000000000000e+01 3.000000000000000000e+01 1.200000000000000000e+02 8.000000000000000000e+01
3.250000000000000000e+02 4.500000000000000000e+01 1.350000000000000000e+02 9.000000000000000000e+01 6.000000000000000000e+01
3.400000000000000000e+02 3.000000000000000000e+01 9.000000000000000000e+01 1.200000000000000000e+02 8.000000000000000000e+01
3.460000000000000000e+02 3.000000000000000000e+01 1.800000000000000000e+02 1.200000000000000000e+02 8.000000000000000000e+01
3.480000000000000000e+02 3.000000000000000000e+01 2.100000000000000000e+02 1.200000000000000000e+02 8.000000000000000000e+01
3.500000000000000000e+02 2.200000000000000000e+01 6.700000000000000000e+01 9.000000000000000000e+01 6.000000000000000000e+01
3.500000000000000000e+02 6.000000000000000000e+01 2.100000000000000000e+02 1.200000000000000000e+02 8.000000000000000000e+01
3.510000000000000000e+02 6.700000000000000000e+01 2.920000000000000000e+02 9.000000000000000000e+01 6.000000000000000000e+01
3.520000000000000000e+02 3.000000000000000000e+01 1.800000000000000000e+02 1.200000000000000000e+02 8.000000000000000000e+01
3.580000000000000000e+02 6.000000000000000000e+01 2.100000000000000000e+02 1.200000000000000000e+02 8.000000000000000000e+01
3.620000000000000000e+02 3.000000000000000000e+01 6.000000000000000000e+01 1.200000000000000000e+02 8.000000000000000000e+01
3.710000000000000000e+02 1.120000000000000000e+02 1.120000000000000000e+02 9.000000000000000000e+01 6.000000000000000000e+01
3.800000000000000000e+02 6.000000000000000000e+01 9.000000000000000000e+01 1.200000000000000000e+02 8.000000000000000000e+01
3.810000000000000000e+02 3.000000000000000000e+01 1.800000000000000000e+02 1.200000000000000000e+02 8.000000000000000000e+01
3.850000000000000000e+02 3.000000000000000000e+01 2.100000000000000000e+02 1.200000000000000000e+02 8.000000000000000000e+01
4.000000000000000000e+02 9.000000000000000000e+01 3.000000000000000000e+02 1.200000000000000000e+02 8.000000000000000000e+01
4.020000000000000000e+02 1.200000000000000000e+02 0.000000000000000000e+00 1.200000000000000000e+02 8.000000000000000000e+01
4.030000000000000000e+02 3.000000000000000000e+01 1.200000000000000000e+02 1.200000000000000000e+02 8.000000000000000000e+01
4.060000000000000000e+02 0.000000000000000000e+00 1.800000000000000000e+02 1.200000000000000000e+02 8.000000000000000000e+01
4.100000000000000000e+02 3.000000000000000000e+01 1.200000000000000000e+02 1.200000000000000000e+02 8.000000000000000000e+01
4.170000000000000000e+02 0.000000000000000000e+00 1.200000000000000000e+02 1.200000000000000000e+02 8.000000000000000000e+01
4.200000000000000000e+02 9.000000000000000000e+01 2.470000000000000000e+02 9.000000000000000000e+01 6.000000000000000000e+01
4.200000000000000000e+02 1.120000000000000000e+02 1.350000000000000000e+02 9.000000000000000000e+01 6.000000000000000000e+01
4.230000000000000000e+02 0.000000000000000000e+00 6.000000000000000000e+01 1.200000000000000000e+02 8.000000000000000000e+01
4.230000000000000000e+02 9.000000000000000000e+01 2.100000000000000000e+02 1.200000000000000000e+02 8.000000000000000000e+01
4.260000000000000000e+02 3.000000000000000000e+01 1.200000000000000000e+02 1.200000000000000000e+02 8.000000000000000000e+01
4.270000000000000000e+02 2.200000000000000000e+01 1.350000000000000000e+02 9.000000000000000000e+01 6.000000000000000000e+01
4.270000000000000000e+02 2.200000000000000000e+01 3.370000000000000000e+02 9.000000000000000000e+01 6.000000000000000000e+01
4.270000000000000000e+02 0.000000000000000000e+00 3.000000000000000000e+01 1.200000000000000000e+02 8.000000000000000000e+01
4.330000000000000000e+02 6.700000000000000000e+01 0.000000000000000000e+00 9.000000000000000000e+01 6.000000000000000000e+01
4.340000000000000000e+02 2.200000000000000000e+01 6.700000000000000000e+01 9.000000000000000000e+01 6.000000000000000000e+01
4.340000000000000000e+02 2.200000000000000000e+01 2.920000000000000000e+02 9.000000000000000000e+01 6.000000000000000000e+01
4.350000000000000000e+02 4.500000000000000000e+01 6.700000000000000000e+01 9.000000000000000000e+01 6.000000000000000000e+01
4.350000000000000000e+02 4.500000000000000000e+01 3.600000000000000000e+02 9.000000000000000000e+01 6.000000000000000000e+01
4.390000000000000000e+02 3.000000000000000000e+01 1.800000000000000000e+02 1.200000000000000000e+02 8.000000000000000000e+01
4.420000000000000000e+02 2.200000000000000000e+01 1.800000000000000000e+02 9.000000000000000000e+01 6.000000000000000000e+01
4.470000000000000000e+02 9.000000000000000000e+01 1.500000000000000000e+02 1.200000000000000000e+02 8.000000000000000000e+01
4.490000000000000000e+02 1.200000000000000000e+02 2.100000000000000000e+02 1.200000000000000000e+02 8.000000000000000000e+01
4.530000000000000000e+02 1.800000000000000000e+02 1.200000000000000000e+02 1.200000000000000000e+02 8.000000000000000000e+01
4.580000000000000000e+02 9.000000000000000000e+01 1.800000000000000000e+02 9.000000000000000000e+01 6.000000000000000000e+01
4.590000000000000000e+02 0.000000000000000000e+00 2.700000000000000000e+02 1.200000000000000000e+02 8.000000000000000000e+01
4.640000000000000000e+02 3.000000000000000000e+01 1.200000000000000000e+02 1.200000000000000000e+02 8.000000000000000000e+01
4.670000000000000000e+02 6.700000000000000000e+01 3.600000000000000000e+02 9.000000000000000000e+01 6.000000000000000000e+01
4.670000000000000000e+02 3.000000000000000000e+01 3.000000000000000000e+01 1.200000000000000000e+02 8.000000000000000000e+01
4.680000000000000000e+02 7.500000000000000000e+01 3.000000000000000000e+02 6.000000000000000000e+01 4.000000000000000000e+01
4.690000000000000000e+02 9.000000000000000000e+01 4.500000000000000000e+01 9.000000000000000000e+01 6.000000000000000000e+01
4.690000000000000000e+02 3.000000000000000000e+01 1.500000000000000000e+02 1.200000000000000000e+02 8.000000000000000000e+01
4.720000000000000000e+02 3.000000000000000000e+01 0.000000000000000000e+00 1.200000000000000000e+02 8.000000000000000000e+01
4.720000000000000000e+02 3.000000000000000000e+01 3.600000000000000000e+02 1.200000000000000000e+02 8.000000000000000000e+01
4.760000000000000000e+02 2.200000000000000000e+01 3.600000000000000000e+02 9.000000000000000000e+01 6.000000000000000000e+01
4.790000000000000000e+02 3.000000000000000000e+01 2.700000000000000000e+02 1.200000000000000000e+02 8.000000000000000000e+01
4.840000000000000000e+02 2.200000000000000000e+01 1.570000000000000000e+02 9.000000000000000000e+01 6.000000000000000000e+01
4.910000000000000000e+02 3.000000000000000000e+01 1.500000000000000000e+02 1.200000000000000000e+02 8.000000000000000000e+01
4.920000000000000000e+02 4.500000000000000000e+01 1.120000000000000000e+02 9.000000000000000000e+01 6.000000000000000000e+01
4.970000000000000000e+02 6.000000000000000000e+01 9.000000000000000000e+01 1.200000000000000000e+02 8.000000000000000000e+01
4.990000000000000000e+02 6.700000000000000000e+01 2.200000000000000000e+01 9.000000000000000000e+01 6.000000000000000000e+01
4.990000000000000000e+02 6.700000000000000000e+01 3.600000000000000000e+02 9.000000000000000000e+01 6.000000000000000000e+01
4.990000000000000000e+02 6.000000000000000000e+01 1.200000000000000000e+02 1.200000000000000000e+02 8.000000000000000000e+01
4.990000000000000000e+02 6.000000000000000000e+01 2.400000000000000000e+02 1.200000000000000000e+02 8.000000000000000000e+01
5.020000000000000000e+02 2.200000000000000000e+01 2.920000000000000000e+02 9.000000000000000000e+01 6.000000000000000000e+01
5.040000000000000000e+02 0.000000000000000000e+00 1.500000000000000000e+02 1.200000000000000000e+02 8.000000000000000000e+01
5.210000000000000000e+02 1.500000000000000000e+02 6.000000000000000000e+01 1.200000000000000000e+02 8.000000000000000000e+01
5.280000000000000000e+02 0.000000000000000000e+00 6.000000000000000000e+01 1.200000000000000000e+02 8.000000000000000000e+01
5.280000000000000000e+02 0.000000000000000000e+00 2.400000000000000000e+02 1.200000000000000000e+02 8.000000000000000000e+01
5.470000000000000000e+02 2.200000000000000000e+01 1.800000000000000000e+02 9.000000000000000000e+01 6.000000000000000000e+01
5.490000000000000000e+02 3.000000000000000000e+01 6.000000000000000000e+01 1.200000000000000000e+02 8.000000000000000000e+01
5.490000000000000000e+02 2.400000000000000000e+02 9.000000000000000000e+01 1.200000000000000000e+02 8.000000000000000000e+01
5.550000000000000000e+02 0.000000000000000000e+00 9.000000000000000000e+01 1.200000000000000000e+02 8.000000000000000000e+01
5.580000000000000000e+02 0.000000000000000000e+00 1.200000000000000000e+02 1.200000000000000000e+02 8.000000000000000000e+01
5.630000000000000000e+02 2.200000000000000000e+01 1.120000000000000000e+02 9.000000000000000000e+01 6.000000000000000000e+01
5.640000000000000000e+02 3.000000000000000000e+01 9.000000000000000000e+01 1.200000000000000000e+02 8.000000000000000000e+01
5.690000000000000000e+02 6.000000000000000000e+01 1.500000000000000000e+02 1.200000000000000000e+02 8.000000000000000000e+01
5.700000000000000000e+02 3.000000000000000000e+01 1.200000000000000000e+02 1.200000000000000000e+02 8.000000000000000000e+01
5.780000000000000000e+02 3.000000000000000000e+01 1.500000000000000000e+02 1.200000000000000000e+02 8.000000000000000000e+01
5.800000000000000000e+02 6.000000000000000000e+01 1.200000000000000000e+02 1.200000000000000000e+02 8.000000000000000000e+01
5.810000000000000000e+02 3.000000000000000000e+01 1.200000000000000000e+02 1.200000000000000000e+02 8.000000000000000000e+01
5.850000000000000000e+02 4.500000000000000000e+01 6.000000000000000000e+01 6.000000000000000000e+01 4.000000000000000000e+01
5.890000000000000000e+02 3.000000000000000000e+01 1.200000000000000000e+02 1.200000000000000000e+02 8.000000000000000000e+01
5.910000000000000000e+02 3.000000000000000000e+01 6.000000000000000000e+01 1.200000000000000000e+02 8.000000000000000000e+01
5.990000000000000000e+02 0.000000000000000000e+00 1.500000000000000000e+02 1.200000000000000000e+02 8.000000000000000000e+01
6.020000000000000000e+02 1.120000000000000000e+02 1.350000000000000000e+02 9.000000000000000000e+01 6.000000000000000000e+01
6.040000000000000000e+02 4.500000000000000000e+01 6.700000000000000000e+01 9.000000000000000000e+01 6.000000000000000000e+01
6.060000000000000000e+02 0.000000000000000000e+00 9.000000000000000000e+01 1.200000000000000000e+02 8.000000000000000000e+01
6.170000000000000000e+02 4.500000000000000000e+01 1.350000000000000000e+02 9.000000000000000000e+01 6.000000000000000000e+01
6.170000000000000000e+02 4.500000000000000000e+01 2.470000000000000000e+02 9.000000000000000000e+01 6.000000000000000000e+01
6.210000000000000000e+02 6.700000000000000000e+01 2.250000000000000000e+02 9.000000000000000000e+01 6.000000000000000000e+01
6.320000000000000000e+02 2.200000000000000000e+01 9.000000000000000000e+01 9.000000000000000000e+01 6.000000000000000000e+01
6.340000000000000000e+02 4.500000000000000000e+01 4.500000000000000000e+01 9.000000000000000000e+01 6.000000000000000000e+01
6.340000000000000000e+02 4.500000000000000000e+01 1.570000000000000000e+02 9.000000000000000000e+01 6.000000000000000000e+01
6.390000000000000000e+02 6.700000000000000000e+01 2.250000000000000000e+02 9.000000000000000000e+01 6.000000000000000000e+01
6.410000000000000000e+02 6.700000000000000000e+01 1.570000000000000000e+02 9.000000000000000000e+01 6.000000000000000000e+01
6.420000000000000000e+02 3.000000000000000000e+01 1.800000000000000000e+02 1.200000000000000000e+02 8.000000000000000000e+01
6.470000000000000000e+02 9.000000000000000000e+01 1.350000000000000000e+02 9.000000000000000000e+01 6.000000000000000000e+01
6.490000000000000000e+02 1.200000000000000000e+02 1.200000000000000000e+02 1.200000000000000000e+02 8.000000000000000000e+01
6.500000000000000000e+02 1.500000000000000000e+02 9.000000000000000000e+01 1.200000000000000000e+02 8.000000000000000000e+01
6.510000000000000000e+02 3.000000000000000000e+01 9.000000000000000000e+01 1.200000000000000000e+02 8.000000000000000000e+01
6.530000000000000000e+02 3.000000000000000000e+01 3.300000000000000000e+02 1.200000000000000000e+02 8.000000000000000000e+01
6.570000000000000000e+02 2.200000000000000000e+01 1.800000000000000000e+02 9.000000000000000000e+01 6.000000000000000000e+01
6.610000000000000000e+02 3.000000000000000000e+01 1.200000000000000000e+02 1.200000000000000000e+02 8.000000000000000000e+01
6.620000000000000000e+02 4.500000000000000000e+01 9.000000000000000000e+01 9.000000000000000000e+01 6.000000000000000000e+01
6.640000000000000000e+02 6.000000000000000000e+01 2.100000000000000000e+02 1.200000000000000000e+02 8.000000000000000000e+01
6.680000000000000000e+02 2.100000000000000000e+02 1.500000000000000000e+02 1.200000000000000000e+02 8.000000000000000000e+01
6.690000000000000000e+02 3.000000000000000000e+01 6.000000000000000000e+01 1.200000000000000000e+02 8.000000000000000000e+01
6.710000000000000000e+02 6.000000000000000000e+01 9.000000000000000000e+01 1.200000000000000000e+02 8.000000000000000000e+01
6.750000000000000000e+02 3.600000000000000000e+02 0.000000000000000000e+00 6.000000000000000000e+01 4.000000000000000000e+01
6.760000000000000000e+02 1.800000000000000000e+02 1.500000000000000000e+02 1.200000000000000000e+02 8.000000000000000000e+01
6.820000000000000000e+02 3.000000000000000000e+01 9.000000000000000000e+01 1.200000000000000000e+02 8.000000000000000000e+01
6.830000000000000000e+02 9.000000000000000000e+01 1.200000000000000000e+02 1.200000000000000000e+02 8.000000000000000000e+01
6.850000000000000000e+02 1.800000000000000000e+02 1.120000000000000000e+02 9.000000000000000000e+01 6.000000000000000000e+01
6.940000000000000000e+02 0.000000000000000000e+00 1.200000000000000000e+02 1.200000000000000000e+02 8.000000000000000000e+01
6.950000000000000000e+02 3.000000000000000000e+01 1.200000000000000000e+02 1.200000000000000000e+02 8.000000000000000000e+01
6.970000000000000000e+02 2.470000000000000000e+02 1.570000000000000000e+02 9.000000000000000000e+01 6.000000000000000000e+01
7.040000000000000000e+02 3.000000000000000000e+01 3.000000000000000000e+01 1.200000000000000000e+02 8.000000000000000000e+01
7.100000000000000000e+02 0.000000000000000000e+00 2.400000000000000000e+02 1.200000000000000000e+02 8.000000000000000000e+01
7.160000000000000000e+02 3.000000000000000000e+01 6.000000000000000000e+01 1.200000000000000000e+02 8.000000000000000000e+01
7.220000000000000000e+02 3.000000000000000000e+01 1.800000000000000000e+02 1.200000000000000000e+02 8.000000000000000000e+01
7.220000000000000000e+02 6.000000000000000000e+01 6.000000000000000000e+01 1.200000000000000000e+02 8.000000000000000000e+01
7.220000000000000000e+02 6.000000000000000000e+01 3.300000000000000000e+02 1.200000000000000000e+02 8.000000000000000000e+01
7.230000000000000000e+02 1.570000000000000000e+02 2.020000000000000000e+02 9.000000000000000000e+01 6.000000000000000000e+01
7.230000000000000000e+02 1.500000000000000000e+02 2.700000000000000000e+02 1.200000000000000000e+02 8.000000000000000000e+01
7.260000000000000000e+02 3.000000000000000000e+01 1.200000000000000000e+02 1.200000000000000000e+02 8.000000000000000000e+01
7.330000000000000000e+02 3.000000000000000000e+01 1.200000000000000000e+02 1.200000000000000000e+02 8.000000000000000000e+01
7.370000000000000000e+02 3.000000000000000000e+01 1.200000000000000000e+02 1.200000000000000000e+02 8.000000000000000000e+01
7.400000000000000000e+02 4.500000000000000000e+01 1.570000000000000000e+02 9.000000000000000000e+01 6.000000000000000000e+01
7.420000000000000000e+02 2.400000000000000000e+02 2.100000000000000000e+02 1.200000000000000000e+02 8.000000000000000000e+01
7.430000000000000000e+02 1.650000000000000000e+02 4.500000000000000000e+01 6.000000000000000000e+01 4.000000000000000000e+01
7.450000000000000000e+02 0.000000000000000000e+00 9.000000000000000000e+01 1.200000000000000000e+02 8.000000000000000000e+01
7.460000000000000000e+02 6.000000000000000000e+01 1.500000000000000000e+02 1.200000000000000000e+02 8.000000000000000000e+01
7.570000000000000000e+02 6.000000000000000000e+01 3.300000000000000000e+02 1.200000000000000000e+02 8.000000000000000000e+01
7.590000000000000000e+02 4.500000000000000000e+01 6.000000000000000000e+01 6.000000000000000000e+01 4.000000000000000000e+01
7.640000000000000000e+02 3.000000000000000000e+01 1.800000000000000000e+02 1.200000000000000000e+02 8.000000000000000000e+01
7.650000000000000000e+02 6.700000000000000000e+01 9.000000000000000000e+01 9.000000000000000000e+01 6.000000000000000000e+01
7.660000000000000000e+02 4.500000000000000000e+01 2.700000000000000000e+02 9.000000000000000000e+01 6.000000000000000000e+01
7.760000000000000000e+02 4.500000000000000000e+01 6.700000000000000000e+01 9.000000000000000000e+01 6.000000000000000000e+01
7.770000000000000000e+02 3.000000000000000000e+01 9.000000000000000000e+01 1.200000000000000000e+02 8.000000000000000000e+01
7.780000000000000000e+02 3.000000000000000000e+01 9.000000000000000000e+01 1.200000000000000000e+02 8.000000000000000000e+01
7.790000000000000000e+02 6.700000000000000000e+01 2.020000000000000000e+02 9.000000000000000000e+01 6.000000000000000000e+01
7.800000000000000000e+02 1.200000000000000000e+02 1.800000000000000000e+02 6.000000000000000000e+01 4.000000000000000000e+01
7.830000000000000000e+02 2.200000000000000000e+01 2.920000000000000000e+02 9.000000000000000000e+01 6.000000000000000000e+01
7.930000000000000000e+02 9.000000000000000000e+01 6.000000000000000000e+01 1.200000000000000000e+02 8.000000000000000000e+01
7.930000000000000000e+02 9.000000000000000000e+01 3.000000000000000000e+02 1.200000000000000000e+02 8.000000000000000000e+01
8.110000000000000000e+02 3.000000000000000000e+01 6.000000000000000000e+01 1.200000000000000000e+02 8.000000000000000000e+01
8.110000000000000000e+02 6.000000000000000000e+01 2.700000000000000000e+02 1.200000000000000000e+02 8.000000000000000000e+01
8.140000000000000000e+02 3.000000000000000000e+01 1.200000000000000000e+02 1.200000000000000000e+02 8.000000000000000000e+01
8.150000000000000000e+02 6.000000000000000000e+01 6.000000000000000000e+01 1.200000000000000000e+02 8.000000000000000000e+01
8.160000000000000000e+02 3.000000000000000000e+01 2.700000000000000000e+02 1.200000000000000000e+02 8.000000000000000000e+01
8.190000000000000000e+02 4.500000000000000000e+01 1.570000000000000000e+02 9.000000000000000000e+01 6.000000000000000000e+01
8.270000000000000000e+02 0.000000000000000000e+00 9.000000000000000000e+01 1.200000000000000000e+02 8.000000000000000000e+01
8.350000000000000000e+02 0.000000000000000000e+00 6.000000000000000000e+01 1.200000000000000000e+02 8.000000000000000000e+01
8.500000000000000000e+02 3.000000000000000000e+01 7.500000000000000000e+01 6.000000000000000000e+01 4.000000000000000000e+01
8.500000000000000000e+02 2.020000000000000000e+02 4.500000000000000000e+01 9.000000000000000000e+01 6.000000000000000000e+01
8.530000000000000000e+02 3.000000000000000000e+01 3.000000000000000000e+01 1.200000000000000000e+02 8.000000000000000000e+01
8.560000000000000000e+02 3.000000000000000000e+01 1.200000000000000000e+02 1.200000000000000000e+02 8.000000000000000000e+01
8.580000000000000000e+02 2.200000000000000000e+01 1.120000000000000000e+02 9.000000000000000000e+01 6.000000000000000000e+01
8.580000000000000000e+02 4.500000000000000000e+01 2.700000000000000000e+02 9.000000000000000000e+01 6.000000000000000000e+01
8.620000000000000000e+02 1.500000000000000000e+02 6.000000000000000000e+01 1.200000000000000000e+02 8.000000000000000000e+01
8.630000000000000000e+02 6.000000000000000000e+01 9.000000000000000000e+01 1.200000000000000000e+02 8.000000000000000000e+01
8.650000000000000000e+02 2.200000000000000000e+01 2.020000000000000000e+02 9.000000000000000000e+01 6.000000000000000000e+01
8.650000000000000000e+02 6.700000000000000000e+01 3.600000000000000000e+02 9.000000000000000000e+01 6.000000000000000000e+01
8.650000000000000000e+02 3.000000000000000000e+01 6.000000000000000000e+01 1.200000000000000000e+02 8.000000000000000000e+01
8.700000000000000000e+02 1.800000000000000000e+02 2.470000000000000000e+02 9.000000000000000000e+01 6.000000000000000000e+01
8.720000000000000000e+02 2.200000000000000000e+01 1.120000000000000000e+02 9.000000000000000000e+01 6.000000000000000000e+01
8.740000000000000000e+02 4.500000000000000000e+01 6.700000000000000000e+01 9.000000000000000000e+01 6.000000000000000000e+01
8.790000000000000000e+02 0.000000000000000000e+00 1.200000000000000000e+02 1.200000000000000000e+02 8.000000000000000000e+01
8.840000000000000000e+02 3.000000000000000000e+01 1.800000000000000000e+02 1.200000000000000000e+02 8.000000000000000000e+01
8.840000000000000000e+02 2.100000000000000000e+02 3.000000000000000000e+01 1.200000000000000000e+02 8.000000000000000000e+01
8.880000000000000000e+02 3.000000000000000000e+01 1.500000000000000000e+02 1.200000000000000000e+02 8.000000000000000000e+01
8.910000000000000000e+02 2.200000000000000000e+01 1.800000000000000000e+02 9.000000000000000000e+01 6.000000000000000000e+01
8.940000000000000000e+02 0.000000000000000000e+00 1.800000000000000000e+02 1.200000000000000000e+02 8.000000000000000000e+01
8.940000000000000000e+02 6.000000000000000000e+01 9.000000000000000000e+01 1.200000000000000000e+02 8.000000000000000000e+01
8.950000000000000000e+02 3.000000000000000000e+01 2.400000000000000000e+02 1.200000000000000000e+02 8.000000000000000000e+01
8.960000000000000000e+02 6.000000000000000000e+01 1.200000000000000000e+02 1.200000000000000000e+02 8.000000000000000000e+01
9.070000000000000000e+02 4.500000000000000000e+01 1.120000000000000000e+02 9.000000000000000000e+01 6.000000000000000000e+01
9.080000000000000000e+02 3.000000000000000000e+01 1.200000000000000000e+02 1.200000000000000000e+02 8.000000000000000000e+01
9.100000000000000000e+02 9.000000000000000000e+01 6.000000000000000000e+01 1.200000000000000000e+02 8.000000000000000000e+01
9.120000000000000000e+02 0.000000000000000000e+00 3.000000000000000000e+01 1.200000000000000000e+02 8.000000000000000000e+01
9.140000000000000000e+02 6.000000000000000000e+01 9.000000000000000000e+01 1.200000000000000000e+02 8.000000000000000000e+01
9.160000000000000000e+02 3.000000000000000000e+01 1.500000000000000000e+02 1.200000000000000000e+02 8.000000000000000000e+01
9.200000000000000000e+02 3.000000000000000000e+01 1.200000000000000000e+02 1.200000000000000000e+02 8.000000000000000000e+01
9.220000000000000000e+02 6.700000000000000000e+01 2.200000000000000000e+01 9.000000000000000000e+01 6.000000000000000000e+01
9.270000000000000000e+02 9.000000000000000000e+01 1.200000000000000000e+02 1.200000000000000000e+02 8.000000000000000000e+01
9.330000000000000000e+02 6.000000000000000000e+01 6.000000000000000000e+01 1.200000000000000000e+02 8.000000000000000000e+01
9.340000000000000000e+02 3.000000000000000000e+01 2.100000000000000000e+02 1.200000000000000000e+02 8.000000000000000000e+01
9.370000000000000000e+02 2.200000000000000000e+01 6.700000000000000000e+01 9.000000000000000000e+01 6.000000000000000000e+01
9.370000000000000000e+02 9.000000000000000000e+01 3.150000000000000000e+02 9.000000000000000000e+01 6.000000000000000000e+01
9.370000000000000000e+02 3.000000000000000000e+01 6.000000000000000000e+01 1.200000000000000000e+02 8.000000000000000000e+01
9.370000000000000000e+02 9.000000000000000000e+01 2.100000000000000000e+02 1.200000000000000000e+02 8.000000000000000000e+01
9.380000000000000000e+02 1.800000000000000000e+02 2.100000000000000000e+02 6.000000000000000000e+01 4.000000000000000000e+01
9.500000000000000000e+02 4.500000000000000000e+01 9.000000000000000000e+01 9.000000000000000000e+01 6.000000000000000000e+01
9.510000000000000000e+02 3.000000000000000000e+01 1.200000000000000000e+02 1.200000000000000000e+02 8.000000000000000000e+01
9.560000000000000000e+02 6.000000000000000000e+01 9.000000000000000000e+01 1.200000000000000000e+02 8.000000000000000000e+01
9.600000000000000000e+02 9.000000000000000000e+01 3.600000000000000000e+02 9.000000000000000000e+01 6.000000000000000000e+01
9.600000000000000000e+02 3.000000000000000000e+01 6.000000000000000000e+01 1.200000000000000000e+02 8.000000000000000000e+01
9.650000000000000000e+02 6.000000000000000000e+01 1.800000000000000000e+02 1.200000000000000000e+02 8.000000000000000000e+01
9.750000000000000000e+02 3.000000000000000000e+01 9.000000000000000000e+01 1.200000000000000000e+02 8.000000000000000000e+01
9.880000000000000000e+02 2.200000000000000000e+01 2.020000000000000000e+02 9.000000000000000000e+01 6.000000000000000000e+01
9.880000000000000000e+02 4.500000000000000000e+01 9.000000000000000000e+01 9.000000000000000000e+01 6.000000000000000000e+01
9.940000000000000000e+02 2.200000000000000000e+01 9.000000000000000000e+01 9.000000000000000000e+01 6.000000000000000000e+01
9.960000000000000000e+02 2.200000000000000000e+01 2.250000000000000000e+02 9.000000000000000000e+01 6.000000000000000000e+01
9.960000000000000000e+02 2.700000000000000000e+02 1.350000000000000000e+02 9.000000000000000000e+01 6.000000000000000000e+01
