2.000000000000000000e+00 7.470000000000000284e+01 1.494000000000000057e+02 9.960000000000000853e+01 6.640000000000000568e+01 3.836777232440684582e-01
2.000000000000000000e+00 2.985000000000000142e+01 5.970000000000000284e+01 1.194000000000000057e+02 7.960000000000000853e+01 4.395292933280152692e-01
4.000000000000000000e+00 0.000000000000000000e+00 2.436000000000000227e+02 1.392000000000000171e+02 9.280000000000001137e+01 1.421934843947564309e+00
5.000000000000000000e+00 3.480000000000000426e+01 6.960000000000000853e+01 1.392000000000000171e+02 9.280000000000001137e+01 5.766576017125142339e-01
1.000000000000000000e+01 1.044000000000000057e+02 3.132000000000000455e+02 1.392000000000000171e+02 9.280000000000001137e+01 8.616908499180728764e-01
1.200000000000000000e+01 0.000000000000000000e+00 1.044000000000000057e+02 1.392000000000000171e+02 9.280000000000001137e+01 4.697681086979399456e-01
1.300000000000000000e+01 2.985000000000000142e+01 2.388000000000000114e+02 1.194000000000000057e+02 7.960000000000000853e+01 1.074818346049436490e+00
1.400000000000000000e+01 0.000000000000000000e+00 6.960000000000000853e+01 1.392000000000000171e+02 9.280000000000001137e+01 3.447684541620368304e-01
1.700000000000000000e+01 5.970000000000000284e+01 1.791000000000000227e+02 1.194000000000000057e+02 7.960000000000000853e+01 4.504029875523629656e-02
1.900000000000000000e+01 3.480000000000000426e+01 2.436000000000000227e+02 1.392000000000000171e+02 9.280000000000001137e+01 1.352440328574326944e-01
2.100000000000000000e+01 3.480000000000000426e+01 1.392000000000000171e+02 1.392000000000000171e+02 9.280000000000001137e+01 5.181951528860599954e-01
2.600000000000000000e+01 3.480000000000000426e+01 1.740000000000000284e+02 1.392000000000000171e+02 9.280000000000001137e+01 3.932203989788372045e-01
2.700000000000000000e+01 3.480000000000000426e+01 1.044000000000000057e+02 1.392000000000000171e+02 9.280000000000001137e+01 1.372290324284882734e+00
2.900000000000000000e+01 3.480000000000000426e+01 1.044000000000000057e+02 1.392000000000000171e+02 9.280000000000001137e+01 9.378457453491819695e-01
3.000000000000000000e+01 1.743000000000000114e+02 1.494000000000000057e+02 9.960000000000000853e+01 6.640000000000000568e+01 1.149442798637728691e+00
3.300000000000000000e+01 2.985000000000000142e+01 8.955000000000001137e+01 1.194000000000000057e+02 7.960000000000000853e+01 4.284179934673491008e-01
4.200000000000000000e+01 1.650000000000000000e+02 2.550000000000000000e+02 6.000000000000000000e+01 4.000000000000000000e+01 7.171208519977450013e-01
4.200000000000000000e+01 1.995000000000000284e+01 2.394000000000000057e+02 7.980000000000001137e+01 5.320000000000000284e+01 3.035000284030175965e-01
4.200000000000000000e+01 0.000000000000000000e+00 2.490000000000000213e+01 9.960000000000000853e+01 6.640000000000000568e+01 1.503028148846254686e+00
4.500000000000000000e+01 5.970000000000000284e+01 2.985000000000000142e+01 1.194000000000000057e+02 7.960000000000000853e+01 4.631860782113321751e-01
4.500000000000000000e+01 1.791000000000000227e+02 2.089500000000000171e+02 1.194000000000000057e+02 7.960000000000000853e+01 1.104653152115199655e+00
4.800000000000000000e+01 3.990000000000000568e+01 9.975000000000000000e+01 7.980000000000001137e+01 5.320000000000000284e+01 8.424397959996154928e-01
4.800000000000000000e+01 2.985000000000000142e+01 2.388000000000000114e+02 1.194000000000000057e+02 7.960000000000000853e+01 1.142487232691616450e+00
4.900000000000000000e+01 3.480000000000000426e+01 1.392000000000000171e+02 1.392000000000000171e+02 9.280000000000001137e+01 1.530430887937632711e-01
5.600000000000000000e+01 9.960000000000000853e+01 7.470000000000000284e+01 9.960000000000000853e+01 6.640000000000000568e+01 9.356820521801403334e-01
5.700000000000000000e+01 2.490000000000000213e+01 1.494000000000000057e+02 9.960000000000000853e+01 6.640000000000000568e+01 1.362102376306994822e+00
6.400000000000000000e+01 2.985000000000000142e+01 2.089500000000000171e+02 1.194000000000000057e+02 7.960000000000000853e+01 1.166027188616589383e+00
6.700000000000000000e+01 3.990000000000000568e+01 2.992500000000000000e+02 7.980000000000001137e+01 5.320000000000000284e+01 3.931540809150746441e-02
6.700000000000000000e+01 0.000000000000000000e+00 9.960000000000000853e+01 9.960000000000000853e+01 6.640000000000000568e+01 1.434898077504949354e+00
7.300000000000000000e+01 2.490000000000000213e+01 4.980000000000000426e+01 9.960000000000000853e+01 6.640000000000000568e+01 8.245670732625864918e-01
7.300000000000000000e+01 2.490000000000000213e+01 1.992000000000000171e+02 9.960000000000000853e+01 6.640000000000000568e+01 8.626314410146751488e-01
7.400000000000000000e+01 8.955000000000001137e+01 2.089500000000000171e+02 1.194000000000000057e+02 7.960000000000000853e+01 4.362390869107837243e-01
7.400000000000000000e+01 1.492500000000000284e+02 2.985000000000000142e+01 1.194000000000000057e+02 7.960000000000000853e+01 6.313509900705891464e-01
7.600000000000000000e+01 2.985000000000000142e+01 2.388000000000000114e+02 1.194000000000000057e+02 7.960000000000000853e+01 3.283244348669078772e-01
8.200000000000000000e+01 0.000000000000000000e+00 1.194000000000000057e+02 1.194000000000000057e+02 7.960000000000000853e+01 8.883482070672237274e-01
8.300000000000000000e+01 2.985000000000000142e+01 1.194000000000000057e+02 1.194000000000000057e+02 7.960000000000000853e+01 5.202002846414941484e-01
8.500000000000000000e+01 2.985000000000000142e+01 1.194000000000000057e+02 1.194000000000000057e+02 7.960000000000000853e+01 1.016323970678479904e+00
8.700000000000000000e+01 4.980000000000000426e+01 1.494000000000000057e+02 9.960000000000000853e+01 6.640000000000000568e+01 3.918197347129559471e-01
8.700000000000000000e+01 0.000000000000000000e+00 2.388000000000000114e+02 1.194000000000000057e+02 7.960000000000000853e+01 2.031213798251025882e-01
8.800000000000000000e+01 0.000000000000000000e+00 2.490000000000000284e+02 9.960000000000000853e+01 6.640000000000000568e+01 1.537050669001884806e-01
8.800000000000000000e+01 2.985000000000000142e+01 1.492500000000000284e+02 1.194000000000000057e+02 7.960000000000000853e+01 5.530504947173442432e-02
9.400000000000000000e+01 0.000000000000000000e+00 6.960000000000000853e+01 1.392000000000000171e+02 9.280000000000001137e+01 8.672041405374451006e-01
9.500000000000000000e+01 3.480000000000000426e+01 1.740000000000000284e+02 1.392000000000000171e+02 9.280000000000001137e+01 6.912370903050406579e-01
9.700000000000000000e+01 0.000000000000000000e+00 7.470000000000000284e+01 9.960000000000000853e+01 6.640000000000000568e+01 8.039077599549071529e-02
9.700000000000000000e+01 0.000000000000000000e+00 3.237000000000000455e+02 9.960000000000000853e+01 6.640000000000000568e+01 2.958439419610414678e-01
9.700000000000000000e+01 4.980000000000000426e+01 1.992000000000000171e+02 9.960000000000000853e+01 6.640000000000000568e+01 1.042540195519497503e+00
1.060000000000000000e+02 7.470000000000000284e+01 4.980000000000000426e+01 9.960000000000000853e+01 6.640000000000000568e+01 4.417381263441828576e-01
1.060000000000000000e+02 7.470000000000000284e+01 3.237000000000000455e+02 9.960000000000000853e+01 6.640000000000000568e+01 7.596236539871086269e-01
1.090000000000000000e+02 4.980000000000000426e+01 2.739000000000000341e+02 9.960000000000000853e+01 6.640000000000000568e+01 1.590892405016553601e+00
1.110000000000000000e+02 2.985000000000000142e+01 8.955000000000001137e+01 1.194000000000000057e+02 7.960000000000000853e+01 7.495919383994624763e-01
1.120000000000000000e+02 1.995000000000000284e+01 3.192000000000000455e+02 7.980000000000001137e+01 5.320000000000000284e+01 3.593734114330111584e-01
1.120000000000000000e+02 0.000000000000000000e+00 2.985000000000000568e+02 1.194000000000000057e+02 7.960000000000000853e+01 4.915208819226359882e-01
1.140000000000000000e+02 0.000000000000000000e+00 4.980000000000000426e+01 9.960000000000000853e+01 6.640000000000000568e+01 1.413069210033455203e-01
1.160000000000000000e+02 6.960000000000000853e+01 1.044000000000000057e+02 1.392000000000000171e+02 9.280000000000001137e+01 4.518270016437584413e-01
1.190000000000000000e+02 5.970000000000000284e+01 8.955000000000001137e+01 1.194000000000000057e+02 7.960000000000000853e+01 2.245477527029515752e-01
1.210000000000000000e+02 2.985000000000000142e+01 2.686500000000000341e+02 1.194000000000000057e+02 7.960000000000000853e+01 1.730593021510840046e-02
1.230000000000000000e+02 2.985000000000000142e+01 1.492500000000000284e+02 1.194000000000000057e+02 7.960000000000000853e+01 6.324503569391515256e-02
1.250000000000000000e+02 9.975000000000000000e+01 1.396500000000000057e+02 7.980000000000001137e+01 5.320000000000000284e+01 6.659025293306064519e-02
1.270000000000000000e+02 2.985000000000000142e+01 1.492500000000000284e+02 1.194000000000000057e+02 7.960000000000000853e+01 8.422122891435328551e-01
1.310000000000000000e+02 0.000000000000000000e+00 6.960000000000000853e+01 1.392000000000000171e+02 9.280000000000001137e+01 2.748936628619726985e-01
1.320000000000000000e+02 0.000000000000000000e+00 2.088000000000000114e+02 1.392000000000000171e+02 9.280000000000001137e+01 2.522895462225773766e-01
1.330000000000000000e+02 2.985000000000000142e+01 1.194000000000000057e+02 1.194000000000000057e+02 7.960000000000000853e+01 4.495507231248325741e-01
1.340000000000000000e+02 1.494000000000000057e+02 1.494000000000000057e+02 9.960000000000000853e+01 6.640000000000000568e+01 7.863183672820157621e-01
1.350000000000000000e+02 4.980000000000000426e+01 2.241000000000000227e+02 9.960000000000000853e+01 6.640000000000000568e+01 8.920720775603041552e-02
1.350000000000000000e+02 3.480000000000000426e+01 3.480000000000000426e+01 1.392000000000000171e+02 9.280000000000001137e+01 5.139100045063138555e-01
1.370000000000000000e+02 9.960000000000000853e+01 1.494000000000000057e+02 9.960000000000000853e+01 6.640000000000000568e+01 3.447233061641108431e-01
1.390000000000000000e+02 3.480000000000000426e+01 1.044000000000000057e+02 1.392000000000000171e+02 9.280000000000001137e+01 1.404182570535865482e+00
1.400000000000000000e+02 2.490000000000000213e+01 2.490000000000000213e+01 9.960000000000000853e+01 6.640000000000000568e+01 6.310432910159691211e-02
1.400000000000000000e+02 2.490000000000000213e+01 2.490000000000000284e+02 9.960000000000000853e+01 6.640000000000000568e+01 8.521116321622874690e-01
1.400000000000000000e+02 1.992000000000000171e+02 2.490000000000000213e+01 9.960000000000000853e+01 6.640000000000000568e+01 8.291638487734773744e-01
1.400000000000000000e+02 1.992000000000000171e+02 2.490000000000000284e+02 9.960000000000000853e+01 6.640000000000000568e+01 1.591242701104249369e+00
1.400000000000000000e+02 0.000000000000000000e+00 3.480000000000000568e+02 1.392000000000000171e+02 9.280000000000001137e+01 4.115515151129078841e-01
1.410000000000000000e+02 1.791000000000000227e+02 8.955000000000001137e+01 1.194000000000000057e+02 7.960000000000000853e+01 4.821114867471274490e-01
1.430000000000000000e+02 4.980000000000000426e+01 1.992000000000000171e+02 9.960000000000000853e+01 6.640000000000000568e+01 5.531754447026278054e-01
1.500000000000000000e+02 2.089500000000000171e+02 8.955000000000001137e+01 1.194000000000000057e+02 7.960000000000000853e+01 4.324558540596812328e-02
1.530000000000000000e+02 5.970000000000000284e+01 8.955000000000001137e+01 1.194000000000000057e+02 7.960000000000000853e+01 1.542485297789346621e-01
1.530000000000000000e+02 3.480000000000000426e+01 2.784000000000000341e+02 1.392000000000000171e+02 9.280000000000001137e+01 1.316522171714673561e-01
1.540000000000000000e+02 2.394000000000000057e+02 5.985000000000000142e+01 7.980000000000001137e+01 5.320000000000000284e+01 6.073252344205346542e-01
1.550000000000000000e+02 3.480000000000000426e+01 1.740000000000000284e+02 1.392000000000000171e+02 9.280000000000001137e+01 4.384257754068239255e-01
1.560000000000000000e+02 3.480000000000000426e+01 1.044000000000000057e+02 1.392000000000000171e+02 9.280000000000001137e+01 1.034670369046210903e+00
1.570000000000000000e+02 8.955000000000001137e+01 1.791000000000000227e+02 1.194000000000000057e+02 7.960000000000000853e+01 2.168696871900543943e-01
1.590000000000000000e+02 2.490000000000000213e+01 4.980000000000000426e+01 9.960000000000000853e+01 6.640000000000000568e+01 2.882897955078262964e-01
1.590000000000000000e+02 2.490000000000000213e+01 3.486000000000000227e+02 9.960000000000000853e+01 6.640000000000000568e+01 8.322312018850432924e-01
1.590000000000000000e+02 4.980000000000000426e+01 1.992000000000000171e+02 9.960000000000000853e+01 6.640000000000000568e+01 1.262772476931518062e+00
1.600000000000000000e+02 3.480000000000000426e+01 6.960000000000000853e+01 1.392000000000000171e+02 9.280000000000001137e+01 5.111517798021323333e-01
1.670000000000000000e+02 3.480000000000000426e+01 1.044000000000000057e+02 1.392000000000000171e+02 9.280000000000001137e+01 9.143773089409301669e-02
1.680000000000000000e+02 9.960000000000000853e+01 3.486000000000000227e+02 9.960000000000000853e+01 6.640000000000000568e+01 3.288392540072182513e-03
1.680000000000000000e+02 2.985000000000000142e+01 1.791000000000000227e+02 1.194000000000000057e+02 7.960000000000000853e+01 1.547735516333158534e+00
1.680000000000000000e+02 5.970000000000000284e+01 5.970000000000000284e+01 1.194000000000000057e+02 7.960000000000000853e+01 1.662377074704554536e+00
1.700000000000000000e+02 7.980000000000001137e+01 5.985000000000000142e+01 7.980000000000001137e+01 5.320000000000000284e+01 4.113789510248635484e-01
1.720000000000000000e+02 7.980000000000001137e+01 2.793000000000000114e+02 7.980000000000001137e+01 5.320000000000000284e+01 2.273861685102971375e-01
1.810000000000000000e+02 5.970000000000000284e+01 1.791000000000000227e+02 1.194000000000000057e+02 7.960000000000000853e+01 1.569135807574826291e-01
1.820000000000000000e+02 4.980000000000000426e+01 2.241000000000000227e+02 9.960000000000000853e+01 6.640000000000000568e+01 3.233803131656809438e-01
1.840000000000000000e+02 7.500000000000000000e+01 3.450000000000000000e+02 6.000000000000000000e+01 4.000000000000000000e+01 2.317543468408092000e-01
1.840000000000000000e+02 2.490000000000000213e+01 7.470000000000000284e+01 9.960000000000000853e+01 6.640000000000000568e+01 6.620496035517109412e-02
1.930000000000000000e+02 4.980000000000000426e+01 2.241000000000000227e+02 9.960000000000000853e+01 6.640000000000000568e+01 7.727075890688817061e-02
1.940000000000000000e+02 0.000000000000000000e+00 4.980000000000000426e+01 9.960000000000000853e+01 6.640000000000000568e+01 8.027122401133635066e-02
1.940000000000000000e+02 1.245000000000000142e+02 3.237000000000000455e+02 9.960000000000000853e+01 6.640000000000000568e+01 7.618816360441786895e-01
1.940000000000000000e+02 5.970000000000000284e+01 1.791000000000000227e+02 1.194000000000000057e+02 7.960000000000000853e+01 3.965861968224082545e-02
1.970000000000000000e+02 7.980000000000001137e+01 1.995000000000000000e+02 7.980000000000001137e+01 5.320000000000000284e+01 1.765311596877923161e-01
1.970000000000000000e+02 2.490000000000000213e+01 1.245000000000000142e+02 9.960000000000000853e+01 6.640000000000000568e+01 1.048764922881027184e+00
1.980000000000000000e+02 2.490000000000000213e+01 1.992000000000000171e+02 9.960000000000000853e+01 6.640000000000000568e+01 4.798759458189942873e-01
1.980000000000000000e+02 2.985000000000000142e+01 5.970000000000000284e+01 1.194000000000000057e+02 7.960000000000000853e+01 6.970288658267282944e-01
2.020000000000000000e+02 2.985000000000000142e+01 1.492500000000000284e+02 1.194000000000000057e+02 7.960000000000000853e+01 6.065465983174240794e-01
2.030000000000000000e+02 0.000000000000000000e+00 8.955000000000001137e+01 1.194000000000000057e+02 7.960000000000000853e+01 6.140535887676870086e-01
2.040000000000000000e+02 9.960000000000000853e+01 1.245000000000000142e+02 9.960000000000000853e+01 6.640000000000000568e+01 5.155816325878286310e-01
2.040000000000000000e+02 0.000000000000000000e+00 2.436000000000000227e+02 1.392000000000000171e+02 9.280000000000001137e+01 1.866807565956712045e+00
2.160000000000000000e+02 0.000000000000000000e+00 9.975000000000000000e+01 7.980000000000001137e+01 5.320000000000000284e+01 2.336624390432606724e-02
2.160000000000000000e+02 1.795500000000000114e+02 7.980000000000001137e+01 7.980000000000001137e+01 5.320000000000000284e+01 3.021606791575037754e-02
2.160000000000000000e+02 3.391500000000000341e+02 1.795500000000000114e+02 7.980000000000001137e+01 5.320000000000000284e+01 4.547417626491971898e-01
2.160000000000000000e+02 1.494000000000000057e+02 1.992000000000000171e+02 9.960000000000000853e+01 6.640000000000000568e+01 5.470525885458201731e-01
2.170000000000000000e+02 3.990000000000000568e+01 2.992500000000000000e+02 7.980000000000001137e+01 5.320000000000000284e+01 1.139280268088223025e-01
2.170000000000000000e+02 2.490000000000000213e+01 1.245000000000000142e+02 9.960000000000000853e+01 6.640000000000000568e+01 6.788000178993931488e-01
2.200000000000000000e+02 3.480000000000000426e+01 1.044000000000000057e+02 1.392000000000000171e+02 9.280000000000001137e+01 7.232068482647591168e-02
2.210000000000000000e+02 1.197000000000000028e+02 3.192000000000000455e+02 7.980000000000001137e+01 5.320000000000000284e+01 4.436323861709154937e-01
2.210000000000000000e+02 9.960000000000000853e+01 1.245000000000000142e+02 9.960000000000000853e+01 6.640000000000000568e+01 7.870364700934919799e-01
2.240000000000000000e+02 3.480000000000000426e+01 3.480000000000000568e+02 1.392000000000000171e+02 9.280000000000001137e+01 7.319681036007164021e-01
2.260000000000000000e+02 1.044000000000000057e+02 1.044000000000000057e+02 1.392000000000000171e+02 9.280000000000001137e+01 4.559623750886927507e-01
2.340000000000000000e+02 7.470000000000000284e+01 2.241000000000000227e+02 9.960000000000000853e+01 6.640000000000000568e+01 1.241316478934624268e-01
2.390000000000000000e+02 2.388000000000000114e+02 1.194000000000000057e+02 1.194000000000000057e+02 7.960000000000000853e+01 6.469183021772975106e-01
2.400000000000000000e+02 5.970000000000000284e+01 8.955000000000001137e+01 1.194000000000000057e+02 7.960000000000000853e+01 4.883235877268259362e-01
2.470000000000000000e+02 2.490000000000000213e+01 9.960000000000000853e+01 9.960000000000000853e+01 6.640000000000000568e+01 8.764785029872561584e-01
2.510000000000000000e+02 0.000000000000000000e+00 1.743000000000000114e+02 9.960000000000000853e+01 6.640000000000000568e+01 3.749948424061821939e-02
2.570000000000000000e+02 2.490000000000000213e+01 9.960000000000000853e+01 9.960000000000000853e+01 6.640000000000000568e+01 8.635679488337706378e-01
2.600000000000000000e+02 2.985000000000000142e+01 2.985000000000000142e+01 1.194000000000000057e+02 7.960000000000000853e+01 1.222791291644292899e+00
2.600000000000000000e+02 3.480000000000000426e+01 3.132000000000000455e+02 1.392000000000000171e+02 9.280000000000001137e+01 2.409027730803952050e-01
2.600000000000000000e+02 2.088000000000000114e+02 3.480000000000000426e+01 1.392000000000000171e+02 9.280000000000001137e+01 1.220751850768165836e+00
2.600000000000000000e+02 2.088000000000000114e+02 1.740000000000000284e+02 1.392000000000000171e+02 9.280000000000001137e+01 5.334683552215511160e-01
2.610000000000000000e+02 2.985000000000000142e+01 2.985000000000000142e+01 1.194000000000000057e+02 7.960000000000000853e+01 3.351332684707108989e-02
2.610000000000000000e+02 2.985000000000000142e+01 1.791000000000000227e+02 1.194000000000000057e+02 7.960000000000000853e+01 5.239442911397993452e-01
2.610000000000000000e+02 3.480000000000000426e+01 3.132000000000000455e+02 1.392000000000000171e+02 9.280000000000001137e+01 5.541489931622194387e-01
2.610000000000000000e+02 2.088000000000000114e+02 1.740000000000000284e+02 1.392000000000000171e+02 9.280000000000001137e+01 2.569620673285275547e-01
2.630000000000000000e+02 2.985000000000000142e+01 2.089500000000000171e+02 1.194000000000000057e+02 7.960000000000000853e+01 4.264590164859460852e-01
2.640000000000000000e+02 3.480000000000000426e+01 2.436000000000000227e+02 1.392000000000000171e+02 9.280000000000001137e+01 2.444779344044964997e-01
2.660000000000000000e+02 6.960000000000000853e+01 0.000000000000000000e+00 1.392000000000000171e+02 9.280000000000001137e+01 1.318918895107910272e+00
2.710000000000000000e+02 5.970000000000000284e+01 1.194000000000000057e+02 1.194000000000000057e+02 7.960000000000000853e+01 7.307991252344647748e-02
2.720000000000000000e+02 3.480000000000000426e+01 6.960000000000000853e+01 1.392000000000000171e+02 9.280000000000001137e+01 1.623939198675856677e-01
2.740000000000000000e+02 4.980000000000000426e+01 2.490000000000000213e+01 9.960000000000000853e+01 6.640000000000000568e+01 9.848933599793885385e-02
2.740000000000000000e+02 7.470000000000000284e+01 1.743000000000000114e+02 9.960000000000000853e+01 6.640000000000000568e+01 1.231577340621311079e+00
2.740000000000000000e+02 0.000000000000000000e+00 3.283500000000000227e+02 1.194000000000000057e+02 7.960000000000000853e+01 7.842944653575252278e-01
2.750000000000000000e+02 1.992000000000000171e+02 1.245000000000000142e+02 9.960000000000000853e+01 6.640000000000000568e+01 3.212678213274380301e-01
2.760000000000000000e+02 2.985000000000000142e+01 2.388000000000000114e+02 1.194000000000000057e+02 7.960000000000000853e+01 4.791152220887784363e-01
2.770000000000000000e+02 4.980000000000000426e+01 1.743000000000000114e+02 9.960000000000000853e+01 6.640000000000000568e+01 2.283252485846909430e-02
2.780000000000000000e+02 0.000000000000000000e+00 6.960000000000000853e+01 1.392000000000000171e+02 9.280000000000001137e+01 7.829524984245272989e-03
2.820000000000000000e+02 0.000000000000000000e+00 2.985000000000000142e+01 1.194000000000000057e+02 7.960000000000000853e+01 4.671120879309764717e-03
2.820000000000000000e+02 5.970000000000000284e+01 1.194000000000000057e+02 1.194000000000000057e+02 7.960000000000000853e+01 6.390469353925154472e-02
2.830000000000000000e+02 2.985000000000000142e+01 8.955000000000001137e+01 1.194000000000000057e+02 7.960000000000000853e+01 2.366463701246075413e-01
2.840000000000000000e+02 3.480000000000000426e+01 1.740000000000000284e+02 1.392000000000000171e+02 9.280000000000001137e+01 2.834544960925911017e-01
2.860000000000000000e+02 2.985000000000000142e+01 1.492500000000000284e+02 1.194000000000000057e+02 7.960000000000000853e+01 4.588125158894265088e-01
2.960000000000000000e+02 0.000000000000000000e+00 1.791000000000000227e+02 1.194000000000000057e+02 7.960000000000000853e+01 1.204838733104542925e-01
2.980000000000000000e+02 1.197000000000000028e+02 9.975000000000000000e+01 7.980000000000001137e+01 5.320000000000000284e+01 1.221021817678760168e-01
2.980000000000000000e+02 1.197000000000000028e+02 2.593500000000000227e+02 7.980000000000001137e+01 5.320000000000000284e+01 3.212422345519549971e-02
3.010000000000000000e+02 1.197000000000000028e+02 7.980000000000001137e+01 7.980000000000001137e+01 5.320000000000000284e+01 1.678880933410731302e-03
3.010000000000000000e+02 2.985000000000000142e+01 2.089500000000000171e+02 1.194000000000000057e+02 7.960000000000000853e+01 3.761371498502195099e-01
3.020000000000000000e+02 5.970000000000000284e+01 1.194000000000000057e+02 1.194000000000000057e+02 7.960000000000000853e+01 2.752576613648700654e-01
3.050000000000000000e+02 2.985000000000000142e+01 1.194000000000000057e+02 1.194000000000000057e+02 7.960000000000000853e+01 1.169375257800278067e-01
3.060000000000000000e+02 2.490000000000000213e+01 4.980000000000000426e+01 9.960000000000000853e+01 6.640000000000000568e+01 1.690905491664471461e+00
3.060000000000000000e+02 2.490000000000000213e+01 1.992000000000000171e+02 9.960000000000000853e+01 6.640000000000000568e+01 7.727174703500707675e-01
3.060000000000000000e+02 2.490000000000000213e+01 3.486000000000000227e+02 9.960000000000000853e+01 6.640000000000000568e+01 9.418488766553474445e-01
3.100000000000000000e+02 1.800000000000000000e+02 2.850000000000000000e+02 6.000000000000000000e+01 4.000000000000000000e+01 7.849637842637064988e-01
3.100000000000000000e+02 2.388000000000000114e+02 2.985000000000000142e+01 1.194000000000000057e+02 7.960000000000000853e+01 3.341081897098991949e-01
3.110000000000000000e+02 1.245000000000000142e+02 1.245000000000000142e+02 9.960000000000000853e+01 6.640000000000000568e+01 6.015413429168290360e-01
3.120000000000000000e+02 2.985000000000000142e+01 1.194000000000000057e+02 1.194000000000000057e+02 7.960000000000000853e+01 2.032567365890731725e-01
3.130000000000000000e+02 0.000000000000000000e+00 1.044000000000000057e+02 1.392000000000000171e+02 9.280000000000001137e+01 6.941939431017123407e-01
3.170000000000000000e+02 3.480000000000000426e+01 1.740000000000000284e+02 1.392000000000000171e+02 9.280000000000001137e+01 6.919753747157046941e-01
3.180000000000000000e+02 0.000000000000000000e+00 1.392000000000000171e+02 1.392000000000000171e+02 9.280000000000001137e+01 2.093417608201837421e-01
3.190000000000000000e+02 5.970000000000000284e+01 2.985000000000000142e+01 1.194000000000000057e+02 7.960000000000000853e+01 1.077013365202019068e+00
3.190000000000000000e+02 5.970000000000000284e+01 3.283500000000000227e+02 1.194000000000000057e+02 7.960000000000000853e+01 5.356381888744736752e-01
3.230000000000000000e+02 7.470000000000000284e+01 2.241000000000000227e+02 9.960000000000000853e+01 6.640000000000000568e+01 7.736655923166295690e-01
3.230000000000000000e+02 0.000000000000000000e+00 1.492500000000000284e+02 1.194000000000000057e+02 7.960000000000000853e+01 1.774552892819809546e-01
3.260000000000000000e+02 3.480000000000000426e+01 2.436000000000000227e+02 1.392000000000000171e+02 9.280000000000001137e+01 9.053473239616451895e-01
3.310000000000000000e+02 5.970000000000000284e+01 2.089500000000000171e+02 1.194000000000000057e+02 7.960000000000000853e+01 1.085587819928230724e+00
3.330000000000000000e+02 2.088000000000000114e+02 6.960000000000000853e+01 1.392000000000000171e+02 9.280000000000001137e+01 3.858040064404006930e-01
3.400000000000000000e+02 2.985000000000000142e+01 8.955000000000001137e+01 1.194000000000000057e+02 7.960000000000000853e+01 9.748568481503518957e-01
3.410000000000000000e+02 0.000000000000000000e+00 1.044000000000000057e+02 1.392000000000000171e+02 9.280000000000001137e+01 5.619047297793500206e-04
3.460000000000000000e+02 2.985000000000000142e+01 1.791000000000000227e+02 1.194000000000000057e+02 7.960000000000000853e+01 3.436940159169072917e-01
3.480000000000000000e+02 2.985000000000000142e+01 2.089500000000000171e+02 1.194000000000000057e+02 7.960000000000000853e+01 5.340774141906960981e-01
3.490000000000000000e+02 4.980000000000000426e+01 1.494000000000000057e+02 9.960000000000000853e+01 6.640000000000000568e+01 1.116837441084033156e-01
3.500000000000000000e+02 7.980000000000001137e+01 2.194500000000000171e+02 7.980000000000001137e+01 5.320000000000000284e+01 3.000502778821554362e-01
3.500000000000000000e+02 7.980000000000001137e+01 3.790500000000000114e+02 7.980000000000001137e+01 5.320000000000000284e+01 8.540909740202120570e-01
3.500000000000000000e+02 0.000000000000000000e+00 5.970000000000000284e+01 1.194000000000000057e+02 7.960000000000000853e+01 1.428571671676734267e+00
3.500000000000000000e+02 5.970000000000000284e+01 2.089500000000000171e+02 1.194000000000000057e+02 7.960000000000000853e+01 8.347060076087602365e-01
3.510000000000000000e+02 7.980000000000001137e+01 2.992500000000000000e+02 7.980000000000001137e+01 5.320000000000000284e+01 1.093167404463744052e-01
3.520000000000000000e+02 2.985000000000000142e+01 1.791000000000000227e+02 1.194000000000000057e+02 7.960000000000000853e+01 6.321885720026398925e-01
3.560000000000000000e+02 2.739000000000000341e+02 1.245000000000000142e+02 9.960000000000000853e+01 6.640000000000000568e+01 1.723861567915812021e-01
3.580000000000000000e+02 5.970000000000000284e+01 2.089500000000000171e+02 1.194000000000000057e+02 7.960000000000000853e+01 4.137336449301420860e-01
3.610000000000000000e+02 1.392000000000000171e+02 1.044000000000000057e+02 1.392000000000000171e+02 9.280000000000001137e+01 8.124476684496027001e-01
3.620000000000000000e+02 2.490000000000000213e+01 3.486000000000000227e+02 9.960000000000000853e+01 6.640000000000000568e+01 6.971311879233144104e-02
3.620000000000000000e+02 4.980000000000000426e+01 1.992000000000000171e+02 9.960000000000000853e+01 6.640000000000000568e+01 3.354052082447347427e-01
3.620000000000000000e+02 2.985000000000000142e+01 5.970000000000000284e+01 1.194000000000000057e+02 7.960000000000000853e+01 8.967603596290441015e-01
3.640000000000000000e+02 3.480000000000000426e+01 2.784000000000000341e+02 1.392000000000000171e+02 9.280000000000001137e+01 5.172682995811694884e-01
3.640000000000000000e+02 1.044000000000000057e+02 3.480000000000000426e+01 1.392000000000000171e+02 9.280000000000001137e+01 2.620468531481912056e-01
3.670000000000000000e+02 5.970000000000000284e+01 1.492500000000000284e+02 1.194000000000000057e+02 7.960000000000000853e+01 1.297101770497945950e-01
3.690000000000000000e+02 3.480000000000000426e+01 1.044000000000000057e+02 1.392000000000000171e+02 9.280000000000001137e+01 6.307482530798014242e-01
3.750000000000000000e+02 3.480000000000000426e+01 2.784000000000000341e+02 1.392000000000000171e+02 9.280000000000001137e+01 8.497727899267915053e-01
3.760000000000000000e+02 3.480000000000000426e+01 1.044000000000000057e+02 1.392000000000000171e+02 9.280000000000001137e+01 3.229324305174625653e-01
3.770000000000000000e+02 6.960000000000000853e+01 1.740000000000000284e+02 1.392000000000000171e+02 9.280000000000001137e+01 6.842575854486332432e-02
3.810000000000000000e+02 2.985000000000000142e+01 1.791000000000000227e+02 1.194000000000000057e+02 7.960000000000000853e+01 2.672070521961213974e-01
3.850000000000000000e+02 2.490000000000000213e+01 2.241000000000000227e+02 9.960000000000000853e+01 6.640000000000000568e+01 1.728195839120783006e-02
3.920000000000000000e+02 6.960000000000000853e+01 1.392000000000000171e+02 1.392000000000000171e+02 9.280000000000001137e+01 1.108753236075643578e-02
4.000000000000000000e+02 2.985000000000000142e+01 8.955000000000001137e+01 1.194000000000000057e+02 7.960000000000000853e+01 8.659577723622624568e-02
4.000000000000000000e+02 8.955000000000001137e+01 2.985000000000000568e+02 1.194000000000000057e+02 7.960000000000000853e+01 1.570038141698384182e+00
4.010000000000000000e+02 2.088000000000000114e+02 6.960000000000000853e+01 1.392000000000000171e+02 9.280000000000001137e+01 4.681714721045460159e-02
4.020000000000000000e+02 1.044000000000000057e+02 0.000000000000000000e+00 1.392000000000000171e+02 9.280000000000001137e+01 3.170177195575771822e-01
4.030000000000000000e+02 4.980000000000000426e+01 1.245000000000000142e+02 9.960000000000000853e+01 6.640000000000000568e+01 1.630962892844675105e+00
4.060000000000000000e+02 0.000000000000000000e+00 1.791000000000000227e+02 1.194000000000000057e+02 7.960000000000000853e+01 1.412679064852278010e-01
4.100000000000000000e+02 2.985000000000000142e+01 1.194000000000000057e+02 1.194000000000000057e+02 7.960000000000000853e+01 1.189371606014937521e+00
4.170000000000000000e+02 2.490000000000000213e+01 1.245000000000000142e+02 9.960000000000000853e+01 6.640000000000000568e+01 1.181222945928160906e+00
4.200000000000000000e+02 7.980000000000001137e+01 2.394000000000000057e+02 7.980000000000001137e+01 5.320000000000000284e+01 8.604781928551230585e-02
4.200000000000000000e+02 1.197000000000000028e+02 1.396500000000000057e+02 7.980000000000001137e+01 5.320000000000000284e+01 2.060661751656833740e-01
4.200000000000000000e+02 5.970000000000000284e+01 2.388000000000000114e+02 1.194000000000000057e+02 7.960000000000000853e+01 1.041472155803633060e+00
4.230000000000000000e+02 2.490000000000000213e+01 7.470000000000000284e+01 9.960000000000000853e+01 6.640000000000000568e+01 9.237953698002532299e-02
4.230000000000000000e+02 7.470000000000000284e+01 3.237000000000000455e+02 9.960000000000000853e+01 6.640000000000000568e+01 1.324435891100078200e+00
4.230000000000000000e+02 9.960000000000000853e+01 2.241000000000000227e+02 9.960000000000000853e+01 6.640000000000000568e+01 4.511971574152904285e-01
4.260000000000000000e+02 2.985000000000000142e+01 1.194000000000000057e+02 1.194000000000000057e+02 7.960000000000000853e+01 1.100283006237535721e+00
4.270000000000000000e+02 1.995000000000000284e+01 3.990000000000000568e+01 7.980000000000001137e+01 5.320000000000000284e+01 5.406670181328456781e-01
4.270000000000000000e+02 1.995000000000000284e+01 2.394000000000000057e+02 7.980000000000001137e+01 5.320000000000000284e+01 6.643595420964578668e-01
4.270000000000000000e+02 0.000000000000000000e+00 1.245000000000000142e+02 9.960000000000000853e+01 6.640000000000000568e+01 1.656025459898247121e-02
4.270000000000000000e+02 0.000000000000000000e+00 2.985000000000000142e+01 1.194000000000000057e+02 7.960000000000000853e+01 2.069831578873304601e-02
4.340000000000000000e+02 1.995000000000000284e+01 2.992500000000000000e+02 7.980000000000001137e+01 5.320000000000000284e+01 7.415245134700487739e-03
4.350000000000000000e+02 2.985000000000000142e+01 5.970000000000000284e+01 1.194000000000000057e+02 7.960000000000000853e+01 7.185407096660141324e-01
4.350000000000000000e+02 2.985000000000000142e+01 3.582000000000000455e+02 1.194000000000000057e+02 7.960000000000000853e+01 1.949028882035996890e-01
4.360000000000000000e+02 0.000000000000000000e+00 1.044000000000000057e+02 1.392000000000000171e+02 9.280000000000001137e+01 9.582320203284135918e-01
4.390000000000000000e+02 2.985000000000000142e+01 1.791000000000000227e+02 1.194000000000000057e+02 7.960000000000000853e+01 9.577438303288470234e-01
4.400000000000000000e+02 2.490000000000000213e+01 9.960000000000000853e+01 9.960000000000000853e+01 6.640000000000000568e+01 8.817077792862482166e-01
4.420000000000000000e+02 2.490000000000000213e+01 1.743000000000000114e+02 9.960000000000000853e+01 6.640000000000000568e+01 7.317064464238300925e-01
4.470000000000000000e+02 8.955000000000001137e+01 1.492500000000000284e+02 1.194000000000000057e+02 7.960000000000000853e+01 2.527195843698837319e-01
4.480000000000000000e+02 3.480000000000000426e+01 2.436000000000000227e+02 1.392000000000000171e+02 9.280000000000001137e+01 1.073623428955388093e-01
4.490000000000000000e+02 1.245000000000000142e+02 2.241000000000000227e+02 9.960000000000000853e+01 6.640000000000000568e+01 2.104591403945466066e-01
4.530000000000000000e+02 1.791000000000000227e+02 1.194000000000000057e+02 1.194000000000000057e+02 7.960000000000000853e+01 1.525161418606582719e+00
4.580000000000000000e+02 7.470000000000000284e+01 1.743000000000000114e+02 9.960000000000000853e+01 6.640000000000000568e+01 5.651696565816677342e-02
4.590000000000000000e+02 0.000000000000000000e+00 2.686500000000000341e+02 1.194000000000000057e+02 7.960000000000000853e+01 1.907632977472758062e+00
4.640000000000000000e+02 2.985000000000000142e+01 1.194000000000000057e+02 1.194000000000000057e+02 7.960000000000000853e+01 5.956843826903253092e-01
4.650000000000000000e+02 3.480000000000000426e+01 1.044000000000000057e+02 1.392000000000000171e+02 9.280000000000001137e+01 8.358916709482226981e-01
4.670000000000000000e+02 7.470000000000000284e+01 2.739000000000000341e+02 9.960000000000000853e+01 6.640000000000000568e+01 1.348481140031556613e-01
4.670000000000000000e+02 2.985000000000000142e+01 2.985000000000000142e+01 1.194000000000000057e+02 7.960000000000000853e+01 2.344895300270424254e-01
4.680000000000000000e+02 2.490000000000000213e+01 7.470000000000000284e+01 9.960000000000000853e+01 6.640000000000000568e+01 4.821064110201371822e-01
4.690000000000000000e+02 1.197000000000000028e+02 2.593500000000000227e+02 7.980000000000001137e+01 5.320000000000000284e+01 1.815150660644160308e-01
4.690000000000000000e+02 2.985000000000000142e+01 1.492500000000000284e+02 1.194000000000000057e+02 7.960000000000000853e+01 5.070691103047091364e-01
4.720000000000000000e+02 2.490000000000000213e+01 0.000000000000000000e+00 9.960000000000000853e+01 6.640000000000000568e+01 1.851092060760939351e-01
4.720000000000000000e+02 2.985000000000000142e+01 3.582000000000000455e+02 1.194000000000000057e+02 7.960000000000000853e+01 3.177916128550741792e-01
4.760000000000000000e+02 0.000000000000000000e+00 7.470000000000000284e+01 9.960000000000000853e+01 6.640000000000000568e+01 3.883441199009582956e-01
4.760000000000000000e+02 0.000000000000000000e+00 3.582000000000000455e+02 1.194000000000000057e+02 7.960000000000000853e+01 3.062586494310417518e-01
4.790000000000000000e+02 2.490000000000000213e+01 1.992000000000000171e+02 9.960000000000000853e+01 6.640000000000000568e+01 5.313046679940069961e-01
4.800000000000000000e+02 7.470000000000000284e+01 4.980000000000000426e+01 9.960000000000000853e+01 6.640000000000000568e+01 1.207588616599300613e+00
4.820000000000000000e+02 3.480000000000000426e+01 6.960000000000000853e+01 1.392000000000000171e+02 9.280000000000001137e+01 1.285052778472026480e+00
4.840000000000000000e+02 2.490000000000000213e+01 1.494000000000000057e+02 9.960000000000000853e+01 6.640000000000000568e+01 3.946514109609406962e-01
4.870000000000000000e+02 2.490000000000000213e+01 7.470000000000000284e+01 9.960000000000000853e+01 6.640000000000000568e+01 2.075086547452940078e-01
4.900000000000000000e+02 3.480000000000000426e+01 1.740000000000000284e+02 1.392000000000000171e+02 9.280000000000001137e+01 1.146835727464899479e+00
4.910000000000000000e+02 3.480000000000000426e+01 1.392000000000000171e+02 1.392000000000000171e+02 9.280000000000001137e+01 6.420836838214218911e-01
4.920000000000000000e+02 2.490000000000000213e+01 9.960000000000000853e+01 9.960000000000000853e+01 6.640000000000000568e+01 2.689392078930443741e-01
4.970000000000000000e+02 5.970000000000000284e+01 8.955000000000001137e+01 1.194000000000000057e+02 7.960000000000000853e+01 9.015549506427895654e-01
4.990000000000000000e+02 7.470000000000000284e+01 2.490000000000000213e+01 9.960000000000000853e+01 6.640000000000000568e+01 4.219294998494180771e-01
4.990000000000000000e+02 7.470000000000000284e+01 1.245000000000000142e+02 9.960000000000000853e+01 6.640000000000000568e+01 2.717181715060676961e-01
4.990000000000000000e+02 7.470000000000000284e+01 2.490000000000000284e+02 9.960000000000000853e+01 6.640000000000000568e+01 1.909674647197758812e-01
5.020000000000000000e+02 0.000000000000000000e+00 2.784000000000000341e+02 1.392000000000000171e+02 9.280000000000001137e+01 5.897124055642348761e-01
5.050000000000000000e+02 3.480000000000000426e+01 1.392000000000000171e+02 1.392000000000000171e+02 9.280000000000001137e+01 7.280695801529881717e-01
5.060000000000000000e+02 3.480000000000000426e+01 1.044000000000000057e+02 1.392000000000000171e+02 9.280000000000001137e+01 6.836299519109656497e-01
5.070000000000000000e+02 2.490000000000000213e+01 1.743000000000000114e+02 9.960000000000000853e+01 6.640000000000000568e+01 2.333352400073618327e-02
5.190000000000000000e+02 2.985000000000000142e+01 8.955000000000001137e+01 1.194000000000000057e+02 7.960000000000000853e+01 4.253292511360018402e-02
5.190000000000000000e+02 6.960000000000000853e+01 2.784000000000000341e+02 1.392000000000000171e+02 9.280000000000001137e+01 8.195728316006387626e-01
5.210000000000000000e+02 1.492500000000000284e+02 5.970000000000000284e+01 1.194000000000000057e+02 7.960000000000000853e+01 4.419624226559581981e-01
5.230000000000000000e+02 0.000000000000000000e+00 1.740000000000000284e+02 1.392000000000000171e+02 9.280000000000001137e+01 2.267470455329643197e-01
5.240000000000000000e+02 3.480000000000000426e+01 1.044000000000000057e+02 1.392000000000000171e+02 9.280000000000001137e+01 1.858897726221919067e+00
5.250000000000000000e+02 6.960000000000000853e+01 6.960000000000000853e+01 1.392000000000000171e+02 9.280000000000001137e+01 9.787624372311622967e-01
5.280000000000000000e+02 1.995000000000000284e+01 2.593500000000000227e+02 7.980000000000001137e+01 5.320000000000000284e+01 6.843543611639957280e-01
5.280000000000000000e+02 0.000000000000000000e+00 5.970000000000000284e+01 1.194000000000000057e+02 7.960000000000000853e+01 4.424848593416610409e-01
5.310000000000000000e+02 0.000000000000000000e+00 1.194000000000000057e+02 1.194000000000000057e+02 7.960000000000000853e+01 1.387244376951644043e-01
5.370000000000000000e+02 5.970000000000000284e+01 1.791000000000000227e+02 1.194000000000000057e+02 7.960000000000000853e+01 1.156008731526194655e-01
5.470000000000000000e+02 2.490000000000000213e+01 1.743000000000000114e+02 9.960000000000000853e+01 6.640000000000000568e+01 1.462903698655713347e+00
5.490000000000000000e+02 2.985000000000000142e+01 5.970000000000000284e+01 1.194000000000000057e+02 7.960000000000000853e+01 6.033915094256709910e-01
5.490000000000000000e+02 2.388000000000000114e+02 8.955000000000001137e+01 1.194000000000000057e+02 7.960000000000000853e+01 1.817940752712665642e-02
5.500000000000000000e+02 0.000000000000000000e+00 0.000000000000000000e+00 1.392000000000000171e+02 9.280000000000001137e+01 1.729217598222370089e-01
5.550000000000000000e+02 0.000000000000000000e+00 8.955000000000001137e+01 1.194000000000000057e+02 7.960000000000000853e+01 4.647193791671229146e-01
5.580000000000000000e+02 0.000000000000000000e+00 1.194000000000000057e+02 1.194000000000000057e+02 7.960000000000000853e+01 1.000729729001505364e+00
5.590000000000000000e+02 3.480000000000000426e+01 2.436000000000000227e+02 1.392000000000000171e+02 9.280000000000001137e+01 2.613242602702301465e-01
5.630000000000000000e+02 0.000000000000000000e+00 1.044000000000000057e+02 1.392000000000000171e+02 9.280000000000001137e+01 8.835170358643884558e-01
5.640000000000000000e+02 2.985000000000000142e+01 8.955000000000001137e+01 1.194000000000000057e+02 7.960000000000000853e+01 2.770391508082623577e-01
5.690000000000000000e+02 3.480000000000000426e+01 1.392000000000000171e+02 1.392000000000000171e+02 9.280000000000001137e+01 2.429333992051441182e-01
5.700000000000000000e+02 2.985000000000000142e+01 1.194000000000000057e+02 1.194000000000000057e+02 7.960000000000000853e+01 1.074692079307038695e+00
5.730000000000000000e+02 4.980000000000000426e+01 1.245000000000000142e+02 9.960000000000000853e+01 6.640000000000000568e+01 8.713471149366889268e-01
5.750000000000000000e+02 8.955000000000001137e+01 2.985000000000000568e+02 1.194000000000000057e+02 7.960000000000000853e+01 3.829435886672283296e-02
5.750000000000000000e+02 3.480000000000000426e+01 1.044000000000000057e+02 1.392000000000000171e+02 9.280000000000001137e+01 5.084622014116260136e-01
5.800000000000000000e+02 5.970000000000000284e+01 1.194000000000000057e+02 1.194000000000000057e+02 7.960000000000000853e+01 9.900312538206776924e-01
5.810000000000000000e+02 2.985000000000000142e+01 1.194000000000000057e+02 1.194000000000000057e+02 7.960000000000000853e+01 1.298831241122192504e+00
5.830000000000000000e+02 8.955000000000001137e+01 2.089500000000000171e+02 1.194000000000000057e+02 7.960000000000000853e+01 1.352969950731852666e-01
5.850000000000000000e+02 2.985000000000000142e+01 5.970000000000000284e+01 1.194000000000000057e+02 7.960000000000000853e+01 4.817875393030284226e-01
5.890000000000000000e+02 2.490000000000000213e+01 1.245000000000000142e+02 9.960000000000000853e+01 6.640000000000000568e+01 5.841364940395712413e-01
5.910000000000000000e+02 2.985000000000000142e+01 5.970000000000000284e+01 1.194000000000000057e+02 7.960000000000000853e+01 4.800357590267296803e-01
5.940000000000000000e+02 2.985000000000000142e+01 1.194000000000000057e+02 1.194000000000000057e+02 7.960000000000000853e+01 3.400281200159860351e-01
5.970000000000000000e+02 4.980000000000000426e+01 1.743000000000000114e+02 9.960000000000000853e+01 6.640000000000000568e+01 5.203332433022371806e-01
5.990000000000000000e+02 2.490000000000000213e+01 1.494000000000000057e+02 9.960000000000000853e+01 6.640000000000000568e+01 7.040594226521477150e-01
6.040000000000000000e+02 2.985000000000000142e+01 5.970000000000000284e+01 1.194000000000000057e+02 7.960000000000000853e+01 1.449770642285581612e-01
6.050000000000000000e+02 2.988000000000000114e+02 1.245000000000000142e+02 9.960000000000000853e+01 6.640000000000000568e+01 6.088608908008603660e-01
6.060000000000000000e+02 2.490000000000000213e+01 9.960000000000000853e+01 9.960000000000000853e+01 6.640000000000000568e+01 1.869621362085777561e+00
6.130000000000000000e+02 3.480000000000000426e+01 1.044000000000000057e+02 1.392000000000000171e+02 9.280000000000001137e+01 5.376166796027326278e-02
6.140000000000000000e+02 0.000000000000000000e+00 1.492500000000000284e+02 1.194000000000000057e+02 7.960000000000000853e+01 1.968549929868987913e-01
6.170000000000000000e+02 3.480000000000000426e+01 3.480000000000000426e+01 1.392000000000000171e+02 9.280000000000001137e+01 4.093960103792371186e-02
6.170000000000000000e+02 3.480000000000000426e+01 3.132000000000000455e+02 1.392000000000000171e+02 9.280000000000001137e+01 1.361989760198716537e+00
6.210000000000000000e+02 0.000000000000000000e+00 0.000000000000000000e+00 1.392000000000000171e+02 9.280000000000001137e+01 6.352863231646741493e-01
6.340000000000000000e+02 2.985000000000000142e+01 1.492500000000000284e+02 1.194000000000000057e+02 7.960000000000000853e+01 8.240805040995782260e-01
6.360000000000000000e+02 8.955000000000001137e+01 1.492500000000000284e+02 1.194000000000000057e+02 7.960000000000000853e+01 3.030387423549776305e-01
6.370000000000000000e+02 6.960000000000000853e+01 2.784000000000000341e+02 1.392000000000000171e+02 9.280000000000001137e+01 1.794483883821376136e-01
6.390000000000000000e+02 3.480000000000000426e+01 2.088000000000000114e+02 1.392000000000000171e+02 9.280000000000001137e+01 5.133327120228525775e-01
6.410000000000000000e+02 5.985000000000000142e+01 1.596000000000000227e+02 7.980000000000001137e+01 5.320000000000000284e+01 2.990599065826116121e-01
6.420000000000000000e+02 2.985000000000000142e+01 1.791000000000000227e+02 1.194000000000000057e+02 7.960000000000000853e+01 5.958097598527276606e-01
6.430000000000000000e+02 0.000000000000000000e+00 2.436000000000000227e+02 1.392000000000000171e+02 9.280000000000001137e+01 1.387704457586495410e+00
6.470000000000000000e+02 9.975000000000000000e+01 1.396500000000000057e+02 7.980000000000001137e+01 5.320000000000000284e+01 6.540204071400543828e-01
6.490000000000000000e+02 1.245000000000000142e+02 1.245000000000000142e+02 9.960000000000000853e+01 6.640000000000000568e+01 2.534582097768469655e-01
6.510000000000000000e+02 4.980000000000000426e+01 9.960000000000000853e+01 9.960000000000000853e+01 6.640000000000000568e+01 1.202278603943691015e+00
6.530000000000000000e+02 2.490000000000000213e+01 3.237000000000000455e+02 9.960000000000000853e+01 6.640000000000000568e+01 3.460582791362187827e-02
6.570000000000000000e+02 1.995000000000000284e+01 1.795500000000000114e+02 7.980000000000001137e+01 5.320000000000000284e+01 4.858358303896961328e-01
6.570000000000000000e+02 5.985000000000000142e+01 2.593500000000000227e+02 7.980000000000001137e+01 5.320000000000000284e+01 7.833611011443619709e-02
6.590000000000000000e+02 3.480000000000000426e+01 1.392000000000000171e+02 1.392000000000000171e+02 9.280000000000001137e+01 8.303147173016955929e-01
6.610000000000000000e+02 2.985000000000000142e+01 1.194000000000000057e+02 1.194000000000000057e+02 7.960000000000000853e+01 1.050941681128256588e+00
6.620000000000000000e+02 2.985000000000000142e+01 8.955000000000001137e+01 1.194000000000000057e+02 7.960000000000000853e+01 9.662935764458262522e-01
6.680000000000000000e+02 3.480000000000000426e+01 2.784000000000000341e+02 1.392000000000000171e+02 9.280000000000001137e+01 4.945302755737055467e-01
6.690000000000000000e+02 2.985000000000000142e+01 5.970000000000000284e+01 1.194000000000000057e+02 7.960000000000000853e+01 7.876169522169444992e-01
6.710000000000000000e+02 5.970000000000000284e+01 8.955000000000001137e+01 1.194000000000000057e+02 7.960000000000000853e+01 3.011466690517126121e-01
6.730000000000000000e+02 3.480000000000000426e+01 1.044000000000000057e+02 1.392000000000000171e+02 9.280000000000001137e+01 1.526668655643889094e+00
6.760000000000000000e+02 1.740000000000000284e+02 1.392000000000000171e+02 1.392000000000000171e+02 9.280000000000001137e+01 1.195484307637939558e-02
6.790000000000000000e+02 1.492500000000000284e+02 8.955000000000001137e+01 1.194000000000000057e+02 7.960000000000000853e+01 9.475624459928266852e-02
6.820000000000000000e+02 2.985000000000000142e+01 8.955000000000001137e+01 1.194000000000000057e+02 7.960000000000000853e+01 8.718311860986769357e-01
6.830000000000000000e+02 6.960000000000000853e+01 2.088000000000000114e+02 1.392000000000000171e+02 9.280000000000001137e+01 3.684516003291282704e-01
6.840000000000000000e+02 3.480000000000000426e+01 1.044000000000000057e+02 1.392000000000000171e+02 9.280000000000001137e+01 1.601837516262019090e-01
6.850000000000000000e+02 1.995000000000000000e+02 1.197000000000000028e+02 7.980000000000001137e+01 5.320000000000000284e+01 6.027692932598360809e-01
6.910000000000000000e+02 6.960000000000000853e+01 2.436000000000000227e+02 1.392000000000000171e+02 9.280000000000001137e+01 1.080557847940947225e+00
6.940000000000000000e+02 0.000000000000000000e+00 1.194000000000000057e+02 1.194000000000000057e+02 7.960000000000000853e+01 1.369184079870220616e+00
6.950000000000000000e+02 2.985000000000000142e+01 1.194000000000000057e+02 1.194000000000000057e+02 7.960000000000000853e+01 5.899425545081535827e-01
7.020000000000000000e+02 1.494000000000000057e+02 2.490000000000000284e+02 9.960000000000000853e+01 6.640000000000000568e+01 2.147823885740203220e-01
7.030000000000000000e+02 3.480000000000000426e+01 6.960000000000000853e+01 1.392000000000000171e+02 9.280000000000001137e+01 1.076976115923942379e+00
7.040000000000000000e+02 5.985000000000000142e+01 3.990000000000000568e+01 7.980000000000001137e+01 5.320000000000000284e+01 3.316921096242320122e-01
7.050000000000000000e+02 3.480000000000000426e+01 1.392000000000000171e+02 1.392000000000000171e+02 9.280000000000001137e+01 2.194756555292902700e-01
7.100000000000000000e+02 0.000000000000000000e+00 2.388000000000000114e+02 1.194000000000000057e+02 7.960000000000000853e+01 8.210343802008386316e-01
7.170000000000000000e+02 2.490000000000000213e+01 1.992000000000000171e+02 9.960000000000000853e+01 6.640000000000000568e+01 3.635930247046175179e-01
7.190000000000000000e+02 0.000000000000000000e+00 2.088000000000000114e+02 1.392000000000000171e+02 9.280000000000001137e+01 5.961501441202952112e-01
7.220000000000000000e+02 7.470000000000000284e+01 3.486000000000000227e+02 9.960000000000000853e+01 6.640000000000000568e+01 8.117945786264917363e-01
7.220000000000000000e+02 2.985000000000000142e+01 1.791000000000000227e+02 1.194000000000000057e+02 7.960000000000000853e+01 5.009986003502058249e-01
7.220000000000000000e+02 5.970000000000000284e+01 5.970000000000000284e+01 1.194000000000000057e+02 7.960000000000000853e+01 3.692984951176894182e-01
7.230000000000000000e+02 1.494000000000000057e+02 1.992000000000000171e+02 9.960000000000000853e+01 6.640000000000000568e+01 6.195251329721680467e-01
7.230000000000000000e+02 1.494000000000000057e+02 2.739000000000000341e+02 9.960000000000000853e+01 6.640000000000000568e+01 3.687655018715585431e-01
7.260000000000000000e+02 2.985000000000000142e+01 1.194000000000000057e+02 1.194000000000000057e+02 7.960000000000000853e+01 2.673376975530494803e-03
7.330000000000000000e+02 2.985000000000000142e+01 1.194000000000000057e+02 1.194000000000000057e+02 7.960000000000000853e+01 4.338791488066611191e-01
7.370000000000000000e+02 2.985000000000000142e+01 1.194000000000000057e+02 1.194000000000000057e+02 7.960000000000000853e+01 4.813745203505923609e-01
7.380000000000000000e+02 1.044000000000000057e+02 1.740000000000000284e+02 1.392000000000000171e+02 9.280000000000001137e+01 3.197209861567527067e-01
7.400000000000000000e+02 2.985000000000000142e+01 1.492500000000000284e+02 1.194000000000000057e+02 7.960000000000000853e+01 1.324589321965786715e+00
7.420000000000000000e+02 2.388000000000000114e+02 2.089500000000000171e+02 1.194000000000000057e+02 7.960000000000000853e+01 1.291735175099695931e+00
7.430000000000000000e+02 3.480000000000000426e+01 2.436000000000000227e+02 1.392000000000000171e+02 9.280000000000001137e+01 5.841082065762852604e-01
7.450000000000000000e+02 2.490000000000000213e+01 9.960000000000000853e+01 9.960000000000000853e+01 6.640000000000000568e+01 1.014001390401355840e+00
7.460000000000000000e+02 5.970000000000000284e+01 1.492500000000000284e+02 1.194000000000000057e+02 7.960000000000000853e+01 7.364622436246219817e-01
7.540000000000000000e+02 3.480000000000000426e+01 1.392000000000000171e+02 1.392000000000000171e+02 9.280000000000001137e+01 3.021144687292178777e-01
7.560000000000000000e+02 1.795500000000000114e+02 1.197000000000000028e+02 7.980000000000001137e+01 5.320000000000000284e+01 1.028239030800781606e-01
7.570000000000000000e+02 5.985000000000000142e+01 1.596000000000000227e+02 7.980000000000001137e+01 5.320000000000000284e+01 9.171665964663067161e-01
7.570000000000000000e+02 5.970000000000000284e+01 3.283500000000000227e+02 1.194000000000000057e+02 7.960000000000000853e+01 1.290412393305999661e-01
7.610000000000000000e+02 3.480000000000000426e+01 6.960000000000000853e+01 1.392000000000000171e+02 9.280000000000001137e+01 1.301078090044378355e+00
7.630000000000000000e+02 6.960000000000000853e+01 2.784000000000000341e+02 1.392000000000000171e+02 9.280000000000001137e+01 9.876335618523657267e-02
7.640000000000000000e+02 2.985000000000000142e+01 1.791000000000000227e+02 1.194000000000000057e+02 7.960000000000000853e+01 1.684352147194683180e-01
7.650000000000000000e+02 3.480000000000000426e+01 6.960000000000000853e+01 1.392000000000000171e+02 9.280000000000001137e+01 2.186549184216948216e-01
7.660000000000000000e+02 3.990000000000000568e+01 2.793000000000000114e+02 7.980000000000001137e+01 5.320000000000000284e+01 2.502876272000011948e-01
7.660000000000000000e+02 2.985000000000000142e+01 2.686500000000000341e+02 1.194000000000000057e+02 7.960000000000000853e+01 6.387847417640062364e-01
7.680000000000000000e+02 3.480000000000000426e+01 2.088000000000000114e+02 1.392000000000000171e+02 9.280000000000001137e+01 1.436568730862697318e-01
7.750000000000000000e+02 0.000000000000000000e+00 1.044000000000000057e+02 1.392000000000000171e+02 9.280000000000001137e+01 5.270283469611987126e-01
7.760000000000000000e+02 4.980000000000000426e+01 7.470000000000000284e+01 9.960000000000000853e+01 6.640000000000000568e+01 4.356918655523944750e-02
7.770000000000000000e+02 2.985000000000000142e+01 8.955000000000001137e+01 1.194000000000000057e+02 7.960000000000000853e+01 1.064118698096560012e+00
7.770000000000000000e+02 0.000000000000000000e+00 3.132000000000000455e+02 1.392000000000000171e+02 9.280000000000001137e+01 8.196984732082834846e-02
7.780000000000000000e+02 9.975000000000000000e+01 1.995000000000000284e+01 7.980000000000001137e+01 5.320000000000000284e+01 1.340000725567991102e+00
7.780000000000000000e+02 2.985000000000000142e+01 8.955000000000001137e+01 1.194000000000000057e+02 7.960000000000000853e+01 1.202823560114016921e-01
7.820000000000000000e+02 3.480000000000000426e+01 2.436000000000000227e+02 1.392000000000000171e+02 9.280000000000001137e+01 8.041940893118515454e-02
7.860000000000000000e+02 2.490000000000000213e+01 1.245000000000000142e+02 9.960000000000000853e+01 6.640000000000000568e+01 6.127974616685325504e-01
7.890000000000000000e+02 3.480000000000000426e+01 1.740000000000000284e+02 1.392000000000000171e+02 9.280000000000001137e+01 1.367404740510185013e+00
7.930000000000000000e+02 9.960000000000000853e+01 7.470000000000000284e+01 9.960000000000000853e+01 6.640000000000000568e+01 1.088021071418989516e+00
7.930000000000000000e+02 8.955000000000001137e+01 2.985000000000000568e+02 1.194000000000000057e+02 7.960000000000000853e+01 3.709570019243282335e-01
7.990000000000000000e+02 2.985000000000000142e+01 1.791000000000000227e+02 1.194000000000000057e+02 7.960000000000000853e+01 3.003035959897060181e-02
8.050000000000000000e+02 3.480000000000000426e+01 1.740000000000000284e+02 1.392000000000000171e+02 9.280000000000001137e+01 5.326515018467758988e-01
8.100000000000000000e+02 0.000000000000000000e+00 1.044000000000000057e+02 1.392000000000000171e+02 9.280000000000001137e+01 1.796377204876875577e-01
8.110000000000000000e+02 5.970000000000000284e+01 2.686500000000000341e+02 1.194000000000000057e+02 7.960000000000000853e+01 5.222884243670919968e-01
8.140000000000000000e+02 2.985000000000000142e+01 1.194000000000000057e+02 1.194000000000000057e+02 7.960000000000000853e+01 1.963426261494933822e-01
8.150000000000000000e+02 7.470000000000000284e+01 7.470000000000000284e+01 9.960000000000000853e+01 6.640000000000000568e+01 6.536180635385513416e-01
8.160000000000000000e+02 4.980000000000000426e+01 2.739000000000000341e+02 9.960000000000000853e+01 6.640000000000000568e+01 1.098879979615599023e-01
8.170000000000000000e+02 7.980000000000001137e+01 1.197000000000000028e+02 7.980000000000001137e+01 5.320000000000000284e+01 1.805800358874765088e-02
8.190000000000000000e+02 2.985000000000000142e+01 1.492500000000000284e+02 1.194000000000000057e+02 7.960000000000000853e+01 9.677955872125310055e-01
8.210000000000000000e+02 3.990000000000000568e+01 1.995000000000000000e+02 7.980000000000001137e+01 5.320000000000000284e+01 2.515058302989061634e-01
8.210000000000000000e+02 5.985000000000000142e+01 3.790500000000000114e+02 7.980000000000001137e+01 5.320000000000000284e+01 1.287996001970895366e+00
8.260000000000000000e+02 2.490000000000000213e+01 9.960000000000000853e+01 9.960000000000000853e+01 6.640000000000000568e+01 9.880858864888897308e-02
8.270000000000000000e+02 1.995000000000000284e+01 9.975000000000000000e+01 7.980000000000001137e+01 5.320000000000000284e+01 3.873450941451037632e-01
8.300000000000000000e+02 0.000000000000000000e+00 1.740000000000000284e+02 1.392000000000000171e+02 9.280000000000001137e+01 1.739467235348055585e-01
8.330000000000000000e+02 3.480000000000000426e+01 1.392000000000000171e+02 1.392000000000000171e+02 9.280000000000001137e+01 1.213481697056811859e+00
8.350000000000000000e+02 0.000000000000000000e+00 5.970000000000000284e+01 1.194000000000000057e+02 7.960000000000000853e+01 1.205056478121113939e+00
8.400000000000000000e+02 6.960000000000000853e+01 1.392000000000000171e+02 1.392000000000000171e+02 9.280000000000001137e+01 1.318108195664324800e-01
8.410000000000000000e+02 3.480000000000000426e+01 1.044000000000000057e+02 1.392000000000000171e+02 9.280000000000001137e+01 1.666687557077902282e+00
8.430000000000000000e+02 0.000000000000000000e+00 1.044000000000000057e+02 1.392000000000000171e+02 9.280000000000001137e+01 1.058257567968665658e-01
8.450000000000000000e+02 2.490000000000000213e+01 1.494000000000000057e+02 9.960000000000000853e+01 6.640000000000000568e+01 7.278231844150162555e-01
8.470000000000000000e+02 9.960000000000000853e+01 1.743000000000000114e+02 9.960000000000000853e+01 6.640000000000000568e+01 6.626785939469082010e-03
8.500000000000000000e+02 2.490000000000000213e+01 7.470000000000000284e+01 9.960000000000000853e+01 6.640000000000000568e+01 9.994660814007148009e-01
8.530000000000000000e+02 4.980000000000000426e+01 3.237000000000000455e+02 9.960000000000000853e+01 6.640000000000000568e+01 7.565768386366356069e-03
8.530000000000000000e+02 2.985000000000000142e+01 2.985000000000000142e+01 1.194000000000000057e+02 7.960000000000000853e+01 6.952615625058273796e-01
8.560000000000000000e+02 2.985000000000000142e+01 1.194000000000000057e+02 1.194000000000000057e+02 7.960000000000000853e+01 3.809167323478601652e-02
8.570000000000000000e+02 0.000000000000000000e+00 1.044000000000000057e+02 1.392000000000000171e+02 9.280000000000001137e+01 2.569094743252293700e-01
8.580000000000000000e+02 4.980000000000000426e+01 2.739000000000000341e+02 9.960000000000000853e+01 6.640000000000000568e+01 5.037041255609706614e-01
8.590000000000000000e+02 6.960000000000000853e+01 2.784000000000000341e+02 1.392000000000000171e+02 9.280000000000001137e+01 2.327311992759482084e-01
8.630000000000000000e+02 7.470000000000000284e+01 9.960000000000000853e+01 9.960000000000000853e+01 6.640000000000000568e+01 5.789093814430115170e-01
8.650000000000000000e+02 2.490000000000000213e+01 1.992000000000000171e+02 9.960000000000000853e+01 6.640000000000000568e+01 1.759769868126256354e+00
8.650000000000000000e+02 4.980000000000000426e+01 4.980000000000000426e+01 9.960000000000000853e+01 6.640000000000000568e+01 4.716947406256755126e-01
8.650000000000000000e+02 7.470000000000000284e+01 3.486000000000000227e+02 9.960000000000000853e+01 6.640000000000000568e+01 7.052620428860627566e-01
8.680000000000000000e+02 0.000000000000000000e+00 1.740000000000000284e+02 1.392000000000000171e+02 9.280000000000001137e+01 4.617275470014996497e-01
8.700000000000000000e+02 1.743000000000000114e+02 2.490000000000000284e+02 9.960000000000000853e+01 6.640000000000000568e+01 9.957736993775667678e-02
8.740000000000000000e+02 2.985000000000000142e+01 5.970000000000000284e+01 1.194000000000000057e+02 7.960000000000000853e+01 1.963487555367395831e-01
8.750000000000000000e+02 0.000000000000000000e+00 1.492500000000000284e+02 1.194000000000000057e+02 7.960000000000000853e+01 5.157462134880463900e-02
8.790000000000000000e+02 0.000000000000000000e+00 1.194000000000000057e+02 1.194000000000000057e+02 7.960000000000000853e+01 5.359275570675074984e-01
8.790000000000000000e+02 2.985000000000000142e+01 2.686500000000000341e+02 1.194000000000000057e+02 7.960000000000000853e+01 1.654968707893316182e-01
8.830000000000000000e+02 9.960000000000000853e+01 1.245000000000000142e+02 9.960000000000000853e+01 6.640000000000000568e+01 1.651025398035548264e-01
8.840000000000000000e+02 2.985000000000000142e+01 1.791000000000000227e+02 1.194000000000000057e+02 7.960000000000000853e+01 1.170615441797173695e-01
8.880000000000000000e+02 2.985000000000000142e+01 1.492500000000000284e+02 1.194000000000000057e+02 7.960000000000000853e+01 1.490110490580927038e-01
8.900000000000000000e+02 3.480000000000000426e+01 1.044000000000000057e+02 1.392000000000000171e+02 9.280000000000001137e+01 2.580274314800006241e-01
8.910000000000000000e+02 3.990000000000000568e+01 1.795500000000000114e+02 7.980000000000001137e+01 5.320000000000000284e+01 7.165387905977051997e-01
8.920000000000000000e+02 1.044000000000000057e+02 1.392000000000000171e+02 1.392000000000000171e+02 9.280000000000001137e+01 6.740125151394209535e-01
8.940000000000000000e+02 0.000000000000000000e+00 1.791000000000000227e+02 1.194000000000000057e+02 7.960000000000000853e+01 1.086182896350442961e+00
8.940000000000000000e+02 5.970000000000000284e+01 8.955000000000001137e+01 1.194000000000000057e+02 7.960000000000000853e+01 2.770206553018887963e-01
8.950000000000000000e+02 2.985000000000000142e+01 2.388000000000000114e+02 1.194000000000000057e+02 7.960000000000000853e+01 4.118912538631214204e-02
8.950000000000000000e+02 3.480000000000000426e+01 3.480000000000000426e+01 1.392000000000000171e+02 9.280000000000001137e+01 1.016343522148043244e+00
8.960000000000000000e+02 3.480000000000000426e+01 1.044000000000000057e+02 1.392000000000000171e+02 9.280000000000001137e+01 7.245341707914729756e-01
9.010000000000000000e+02 2.490000000000000213e+01 9.960000000000000853e+01 9.960000000000000853e+01 6.640000000000000568e+01 1.271388024139812334e-01
9.020000000000000000e+02 3.480000000000000426e+01 1.740000000000000284e+02 1.392000000000000171e+02 9.280000000000001137e+01 7.300755298319538955e-01
9.050000000000000000e+02 3.480000000000000426e+01 6.960000000000000853e+01 1.392000000000000171e+02 9.280000000000001137e+01 5.972329581643192054e-01
9.080000000000000000e+02 2.985000000000000142e+01 1.194000000000000057e+02 1.194000000000000057e+02 7.960000000000000853e+01 1.221380532559417365e-01
9.120000000000000000e+02 0.000000000000000000e+00 2.985000000000000142e+01 1.194000000000000057e+02 7.960000000000000853e+01 6.840474286682927119e-01
9.140000000000000000e+02 5.970000000000000284e+01 8.955000000000001137e+01 1.194000000000000057e+02 7.960000000000000853e+01 9.835755048229046782e-01
9.160000000000000000e+02 2.985000000000000142e+01 1.492500000000000284e+02 1.194000000000000057e+02 7.960000000000000853e+01 3.692999608937566069e-01
9.190000000000000000e+02 2.490000000000000213e+01 2.739000000000000341e+02 9.960000000000000853e+01 6.640000000000000568e+01 3.229913984508068214e-01
9.200000000000000000e+02 2.985000000000000142e+01 1.194000000000000057e+02 1.194000000000000057e+02 7.960000000000000853e+01 5.246174598889503660e-01
9.220000000000000000e+02 5.985000000000000142e+01 2.394000000000000057e+02 7.980000000000001137e+01 5.320000000000000284e+01 1.004034747913400194e+00
9.250000000000000000e+02 1.791000000000000227e+02 1.492500000000000284e+02 1.194000000000000057e+02 7.960000000000000853e+01 1.558518746475168193e-02
9.270000000000000000e+02 6.960000000000000853e+01 1.044000000000000057e+02 1.392000000000000171e+02 9.280000000000001137e+01 1.573063207509391992e+00
9.290000000000000000e+02 0.000000000000000000e+00 1.044000000000000057e+02 1.392000000000000171e+02 9.280000000000001137e+01 1.012510912229235283e+00
9.340000000000000000e+02 3.480000000000000426e+01 2.088000000000000114e+02 1.392000000000000171e+02 9.280000000000001137e+01 1.170303726800228317e+00
9.360000000000000000e+02 2.490000000000000213e+01 9.960000000000000853e+01 9.960000000000000853e+01 6.640000000000000568e+01 1.959753771762315910e-01
9.370000000000000000e+02 2.985000000000000142e+01 5.970000000000000284e+01 1.194000000000000057e+02 7.960000000000000853e+01 4.365879960805856275e-01
9.370000000000000000e+02 8.955000000000001137e+01 2.089500000000000171e+02 1.194000000000000057e+02 7.960000000000000853e+01 1.754573664197536909e+00
9.380000000000000000e+02 1.800000000000000000e+02 2.100000000000000000e+02 6.000000000000000000e+01 4.000000000000000000e+01 4.522322137523275831e-01
9.380000000000000000e+02 1.494000000000000057e+02 4.980000000000000426e+01 9.960000000000000853e+01 6.640000000000000568e+01 8.283332975964328160e-01
9.420000000000000000e+02 2.985000000000000142e+01 1.791000000000000227e+02 1.194000000000000057e+02 7.960000000000000853e+01 3.317205132568983306e-01
9.480000000000000000e+02 2.490000000000000213e+01 1.992000000000000171e+02 9.960000000000000853e+01 6.640000000000000568e+01 7.255999284838532404e-02
9.540000000000000000e+02 3.480000000000000426e+01 1.740000000000000284e+02 1.392000000000000171e+02 9.280000000000001137e+01 7.378857407345829067e-02
9.550000000000000000e+02 4.980000000000000426e+01 9.960000000000000853e+01 9.960000000000000853e+01 6.640000000000000568e+01 7.403448604057216720e-02
9.560000000000000000e+02 5.970000000000000284e+01 8.955000000000001137e+01 1.194000000000000057e+02 7.960000000000000853e+01 3.377954610546509695e-01
9.600000000000000000e+02 2.985000000000000142e+01 5.970000000000000284e+01 1.194000000000000057e+02 7.960000000000000853e+01 1.876235844178818946e+00
9.600000000000000000e+02 3.480000000000000426e+01 2.088000000000000114e+02 1.392000000000000171e+02 9.280000000000001137e+01 6.193081747662376735e-02
9.600000000000000000e+02 6.960000000000000853e+01 3.480000000000000568e+02 1.392000000000000171e+02 9.280000000000001137e+01 8.484054801097669074e-01
9.610000000000000000e+02 0.000000000000000000e+00 1.740000000000000284e+02 1.392000000000000171e+02 9.280000000000001137e+01 2.261961839865223034e-02
9.650000000000000000e+02 3.480000000000000426e+01 1.740000000000000284e+02 1.392000000000000171e+02 9.280000000000001137e+01 5.982955628855883834e-01
9.660000000000000000e+02 1.995000000000000284e+01 9.975000000000000000e+01 7.980000000000001137e+01 5.320000000000000284e+01 2.294757504923028435e-02
9.720000000000000000e+02 3.480000000000000426e+01 1.044000000000000057e+02 1.392000000000000171e+02 9.280000000000001137e+01 6.505120891443016973e-02
9.730000000000000000e+02 3.480000000000000426e+01 6.960000000000000853e+01 1.392000000000000171e+02 9.280000000000001137e+01 3.267419972385454674e-01
9.730000000000000000e+02 3.480000000000000426e+01 2.784000000000000341e+02 1.392000000000000171e+02 9.280000000000001137e+01 1.088017867959329976e-01
9.750000000000000000e+02 2.985000000000000142e+01 8.955000000000001137e+01 1.194000000000000057e+02 7.960000000000000853e+01 8.770580406940104989e-01
9.770000000000000000e+02 3.480000000000000426e+01 1.392000000000000171e+02 1.392000000000000171e+02 9.280000000000001137e+01 4.404226123699623852e-01
9.830000000000000000e+02 0.000000000000000000e+00 1.044000000000000057e+02 1.392000000000000171e+02 9.280000000000001137e+01 2.928519111921039642e-01
9.880000000000000000e+02 2.490000000000000213e+01 1.992000000000000171e+02 9.960000000000000853e+01 6.640000000000000568e+01 9.197178134811265782e-01
9.880000000000000000e+02 2.985000000000000142e+01 8.955000000000001137e+01 1.194000000000000057e+02 7.960000000000000853e+01 2.884363873924233879e-02
9.950000000000000000e+02 3.480000000000000426e+01 2.436000000000000227e+02 1.392000000000000171e+02 9.280000000000001137e+01 6.653833855701429822e-01
9.960000000000000000e+02 2.793000000000000114e+02 1.396500000000000057e+02 7.980000000000001137e+01 5.320000000000000284e+01 7.419655407647440803e-02
9.960000000000000000e+02 2.490000000000000213e+01 2.241000000000000227e+02 9.960000000000000853e+01 6.640000000000000568e+01 1.522565328491290559e+00
9.960000000000000000e+02 0.000000000000000000e+00 1.044000000000000057e+02 1.392000000000000171e+02 9.280000000000001137e+01 1.536327509718857787e-01
9.970000000000000000e+02 1.044000000000000057e+02 1.740000000000000284e+02 1.392000000000000171e+02 9.280000000000001137e+01 8.062934559712580107e-01
9.990000000000000000e+02 2.490000000000000213e+01 1.494000000000000057e+02 9.960000000000000853e+01 6.640000000000000568e+01 1.437052715869246988e-02
